N: 39
n: 6
number_of_primes (d): 3
exp_register_width (qd): 5
primes: [2, 5, 7]

R: 11287
T: 3
t: 16
delta: 0.00010850933564202967
delta_inv: 9216Percent of combinations (with positive values of result vector) that gives % N = 1: 10.9%
Percent of combinations (with positive values of result vector) that give p and q: 8.2%
Vectors that gives p and q: [[-1, 0, -1], [-1, 0, -1], [1, 0, 1], [1, 0, 1], [-1, 0, -1], [-2, -1, 1], [1, -1, -2], [1, 0, 1], [1, -1, -2], [1, -1, -2], [-1, 0, -1], [-2, -1, 1], [1, 0, 1], [1, 0, 1], [1, -1, -2], [-1, 0, -1], [-1, 0, -1], [1, 0, 1], [1, 0, 1], [-1, 0, -1], [-1, 1, 2], [1, 0, 1], [1, -1, -2], [1, 0, 1], [-1, 0, -1], [1, 0, 1], [1, 0, 1], [-1, 0, -1], [-1, 1, 2], [1, 0, 1], [-1, 0, -1], [1, 0, 1], [-1, 0, -1], [1, -1, -2], [-1, 0, -1], [1, 0, 1], [-2, -1, 1], [-1, 0, -1], [1, 0, 1], [-2, -1, 1], [-1, 0, -1], [-1, 0, -1], [-1, 0, -1], [1, 0, 1], [-1, 0, -1], [1, -1, -2], [-1, 1, 2], [1, 0, 1], [1, 0, 1], [1, 0, 1], [1, 0, 1], [1, 0, 1], [-1, 0, -1], [1, 0, 1], [1, 0, 1], [1, -1, -2], [-1, 0, -1], [-1, 0, -1], [-1, 0, -1], [-1, 0, -1], [-2, -1, 1], [1, 0, 1], [1, 0, 1], [1, -1, -2], [1, 0, 1], [1, 0, 1], [1, 0, 1], [-1, 0, -1], [-1, 0, -1], [-1, 0, -1], [1, 0, 1], [-1, 0, -1], [-2, -1, 1], [-1, 0, -1], [-1, 0, -1], [1, 0, 1], [1, 0, 1], [-1, 0, -1], [-2, -1, 1], [1, 0, 1], [-1, 0, -1], [1, -1, -2]]

exec_time (ms): 498031.4197540283 ms
exec_time: 8m 18s 31.419754028320312ms