N: 39
n: 6
number_of_primes (d): 3
exp_register_width (qd): 5
primes: [2, 5, 7]

R: 12620
T: 3
t: 5
delta: 9.704792958728914e-05
delta_inv: 10305Percent of combinations (with positive values of result vector) that gives % N = 1: 100.0%
Percent of combinations (with positive values of result vector) that give p and q: 100.0%
Vectors that gives p and q: [[0, -2, 0], [0, -2, 0], [0, -2, 0], [0, -2, 0], [0, -2, 0], [0, -2, 0], [0, -2, 0], [0, -2, 0], [0, -2, 0], [0, -2, 0], [0, -2, 0], [0, -2, 0], [0, -2, 0], [0, -2, 0], [0, -2, 0], [0, -2, 0], [0, -2, 0], [0, -2, 0], [0, -2, 0], [0, -2, 0], [0, -2, 0], [0, -2, 0], [0, -2, 0], [0, -2, 0], [0, -2, 0], [0, -2, 0], [0, -2, 0], [0, -2, 0], [0, -2, 0], [0, -2, 0], [0, -2, 0], [0, -2, 0], [0, -2, 0], [0, -2, 0], [0, -2, 0], [0, -2, 0], [0, -2, 0], [0, -2, 0], [0, -2, 0], [0, -2, 0], [0, -2, 0], [0, -2, 0], [0, -2, 0], [0, -2, 0], [0, -2, 0], [0, -2, 0], [0, -2, 0], [0, -2, 0], [0, -2, 0], [0, -2, 0]]

exec_time (ms): 66047.82891273499 ms
exec_time: 1m 6s 47.82891273498535ms