N: 69
n: 7
number_of_primes (d): 2
exp_register_width (qd): 6
primes: [2, 5]

R: 7315
T: 6
t: 15
delta: 0.0001367053998632946
delta_inv: 7315Percent of combinations (with positive values of result vector) that gives % N = 1: 62.2%
Percent of combinations (with positive values of result vector) that give p and q: 20.4%
Vectors that gives p and q: [[-3, 6], [-5, -1], [5, 1], [-3, 6], [-1, 2], [-1, 2], [-3, 6], [3, 5], [-5, -1], [-5, -1], [-3, 6], [-5, -1], [-5, -1], [-5, -1], [-3, 6], [-5, -1], [-3, 6], [-3, 6], [-5, -1], [3, 5], [-5, -1], [-5, -1], [3, 5], [3, 5], [7, -3], [-1, 2], [-5, -1], [-3, 6], [-3, 6], [-5, -1], [1, -2], [-5, -1], [-3, 6], [-1, 2], [-3, 6], [-3, 6], [-3, 6], [-3, 6], [-5, -1], [-5, -1], [-1, 2], [-3, 6], [-3, 6], [-3, 6], [-5, -1], [-3, 6], [-5, -1], [-3, 6], [-1, 2], [-3, 6], [-3, 6], [-5, -1], [-3, 6], [-5, -1], [3, 5], [-5, -1], [-5, -1], [-1, 2], [1, -2], [-5, -1], [-1, 2], [-3, 6], [-1, 2], [-3, 6], [-5, -1], [-5, -1], [-1, 2], [-3, 6], [-5, -1], [-1, 2], [-5, -1], [-1, 2], [-3, 6], [5, 12], [-5, -1], [-3, 6], [-3, 6], [-5, -1], [-1, 2], [-1, 2], [3, 5], [1, -2], [-5, -1], [-1, 2], [-1, 2], [-5, -1], [-5, -1], [1, -2], [3, 5], [-3, 6], [5, 1], [3, 5], [-5, -1], [-1, 2], [-3, 6], [-5, -1], [3, 5], [3, 5], [-5, -1], [-3, 6], [-5, -1], [-3, 6], [3, 5], [-5, -1], [-5, -1], [-1, 2], [-5, -1], [-5, -1], [-5, -1], [-5, -1], [-1, 2], [-1, 2], [-5, -1], [-3, 6], [-5, -1], [-5, -1], [-5, -1], [3, 5], [-5, -1], [-5, -1], [-3, 6], [-3, 6], [1, -2], [-1, 2], [-1, 2], [1, -2], [-5, -1], [-5, -1], [-3, 6], [-3, 6], [-1, 2], [-5, -1], [3, 5], [-5, -1], [-5, -1], [-5, -1], [-5, -1], [-5, -1], [-5, -1], [-5, -1], [-5, -1], [-5, -1], [-3, 6], [-3, 6], [1, -2], [-3, 6], [-5, -1], [-5, -1], [-5, -1], [-3, 6], [-3, 6], [3, 5], [-5, -1], [5, 1], [-5, -1], [7, -3], [-3, 6], [-3, 6], [-1, 2], [-5, -1], [-5, -1], [-3, 6], [-5, -1], [5, 1], [-3, 6], [-5, -1], [-5, -1], [-5, -1], [-5, -1], [-5, -1], [-5, -1], [-5, -1], [-5, -1], [5, 12], [-5, -1], [-1, 2], [-1, 2], [-1, 2], [-3, 6], [3, 5], [-3, 6], [-5, -1], [-5, -1], [-5, -1], [-3, 6], [-5, -1], [-1, 2], [-1, 2], [3, 5], [-3, 6], [-3, 6], [-5, -1], [-5, -1], [-5, -1], [5, 1], [3, 5], [1, -2], [-5, -1], [-3, 6], [-5, -1], [-5, -1], [-1, 2], [-5, -1], [-5, -1]]

exec_time (ms): 348436.1457824707 ms
exec_time: 5m 48s 436.1457824707031ms