N: 77
n: 7
number_of_primes (d): 2
exp_register_width (qd): 6
primes: [2, 3]

R: 7315
T: 6
t: 15
delta: 0.0001367053998632946
delta_inv: 7315Percent of combinations (with positive values of result vector) that gives % N = 1: 36.7%
Percent of combinations (with positive values of result vector) that give p and q: 20.2%
Vectors that gives p and q: [[-3, 6], [-1, 2], [-3, 6], [-3, 6], [-3, 6], [-3, 6], [-3, 6], [-3, 6], [-3, 6], [-3, 6], [-3, 6], [-3, 6], [-3, 6], [-3, 6], [-3, 6], [1, -2], [-3, 6], [-3, 6], [-3, 6], [6, 3], [4, 7], [-1, 2], [-3, 6], [4, 7], [-3, 6], [-3, 6], [6, 3], [-3, 6], [6, 3], [-3, 6], [-3, 6], [-3, 6], [-3, 6], [4, 7], [-3, 6], [4, 7], [4, 7], [-3, 6], [4, 7], [-3, 6], [4, 7], [4, 7], [-1, 2], [-3, 6], [-3, 6], [-3, 6], [-3, 6], [-1, 2], [1, -2], [4, 7], [-1, 2], [-3, 6], [-3, 6], [1, -2], [-3, 6], [-3, 6], [-3, 6], [-3, 6], [-3, 6], [-3, 6], [-1, 2], [-1, 2], [1, -2], [-3, 6], [-3, 6], [-1, 2], [-3, 6], [-3, 6], [4, 7], [-1, 2], [-3, 6], [-3, 6], [-3, 6], [-1, 2], [4, 7], [-3, 6], [-3, 6], [4, 7], [-3, 6], [-3, 6], [-1, 2], [-3, 6], [-3, 6], [-3, 6], [-3, 6], [-3, 6], [-3, 6], [-3, 6], [-3, 6], [-3, 6], [-3, 6], [-3, 6], [-3, 6], [-1, 2], [-3, 6], [-3, 6], [-3, 6], [-3, 6], [-1, 2], [-1, 2], [-3, 6], [-3, 6], [-3, 6], [-3, 6], [6, 3], [-3, 6], [-3, 6], [4, 7], [-3, 6], [-3, 6], [1, -2], [-3, 6], [-3, 6], [1, -2], [-3, 6], [-3, 6], [-3, 6], [-3, 6], [-3, 6], [4, 7], [-1, 2], [-3, 6], [-3, 6], [-1, 2], [-3, 6], [-3, 6], [-3, 6], [-3, 6], [-3, 6], [-3, 6], [-3, 6], [2, 11], [-3, 6], [-1, 2], [-3, 6], [-3, 6], [-3, 6], [-1, 2], [-3, 6], [-3, 6], [-3, 6], [-3, 6], [-3, 6], [-3, 6], [-3, 6], [-3, 6], [-3, 6], [-3, 6], [-3, 6], [-3, 6], [2, 11], [-3, 6], [4, 7], [-3, 6], [-3, 6], [-1, 2], [-1, 2], [-1, 2], [-3, 6], [-1, 2], [-1, 2], [-1, 2], [1, -2], [-3, 6], [-3, 6], [-3, 6], [-3, 6], [-3, 6], [-3, 6], [-3, 6], [-3, 6], [-3, 6], [4, 7], [1, -2], [-3, 6], [-3, 6], [-3, 6], [-3, 6], [-3, 6], [-3, 6], [4, 7], [4, 7], [-1, 2], [-3, 6], [-3, 6], [-3, 6], [-3, 6], [-3, 6], [-3, 6], [-1, 2], [-3, 6], [-3, 6], [-3, 6], [-1, 2], [-3, 6], [-3, 6], [-3, 6], [-3, 6], [-3, 6], [-3, 6], [-3, 6], [1, -2]]

exec_time (ms): 314605.6911945343 ms
exec_time: 5m 14s 605.6911945343018ms