N: 143
n: 8
number_of_primes (d): 2
exp_register_width (qd): 6
primes: [2, 3]

R: 9753
T: 8
t: 15
delta: 0.00010253255408592229
delta_inv: 9753Percent of combinations (with positive values of result vector) that gives % N = 1: 17.1%
Percent of combinations (with positive values of result vector) that give p and q: 7.8%
Vectors that gives p and q: [[410, -950], [-2146, 607], [94, -583], [-1550, 290], [-1602, 894], [2662, -1339], [2826, -27], [498, 1029], [-446, 1787], [614, -2123], [478, -1201], [-594, -1002], [1146, -1167], [514, 1022], [106, -877], [1526, -2057], [-1222, 1909], [-498, -1029], [558, 309], [-790, 100], [-2490, 300], [682, 2156], [-674, 98], [-930, 795], [618, -141], [-3726, 2277], [-486, -1098], [522, 1026], [58, -1621], [1138, -916], [-1722, 1344], [2446, -1642], [-422, 284], [-2334, 1203], [-294, 303], [1814, -1178], [2142, 156], [2562, -444], [-554, -1012], [2166, -1602], [774, -378], [-2490, 165], [-506, -1033], [-514, 1063], [-586, 97], [2530, -2230], [2082, -1524], [142, 596], [-1726, 1612], [-2410, 1825], [-806, 1187], [-758, 656], [-542, -1021], [1086, -102], [1078, -1546], [354, -3258], [-494, -1027], [494, -413], [646, -112], [-474, -1692], [-1418, 1136], [-518, -1024], [3570, 555], [2978, -2036], [814, -1243], [1082, -314], [-4046, 2642], [1878, -36], [-1734, 1488], [-1514, 68], [-2146, 1942], [-518, -1024], [-902, 1154], [266, -2207], [-1878, 1116], [3002, -1124], [-794, 3368], [-514, -1022]]

exec_time (ms): 291619.28725242615 ms
exec_time: 4m 51s 619.2872524261475ms