N: 143
n: 8
number_of_primes (d): 2
exp_register_width (qd): 6
primes: [2, 3]

R: 9753
T: 8
t: 15
delta: 0.00010253255408592229
delta_inv: 9753Percent of combinations (with positive values of result vector) that gives % N = 1: 18.7%
Percent of combinations (with positive values of result vector) that give p and q: 10.3%
Vectors that gives p and q: [[4178, -1751], [2894, -1823], [1354, -1468], [2426, -1337], [-2042, -406], [-654, 1083], [-1098, 681], [-870, 1200], [-510, -1035], [1330, -1330], [90, -555], [-1118, -1354], [382, -619], [-106, 697], [166, -922], [-474, -1032], [90, -705], [1246, -1822], [5122, -154], [-1110, 1755], [3766, -292], [-506, -1018], [2654, 1357], [-1738, 361], [-710, 245], [-2362, -296], [1998, -1701], [378, -1611], [-1150, -770], [1326, -1347], [2510, -3605], [-1094, 1853], [-1662, 2634], [3274, -1423], [1094, 2077], [-554, -997], [658, -1366], [-890, -535], [-486, -1023], [-438, -1059], [-1610, 410], [-3170, 725], [-502, -1031], [1354, -28], [-534, -1017], [770, -125], [618, -3231], [-546, -1053], [-590, -85], [-622, -161], [78, -741], [-490, -1025], [3454, -2923], [2358, -561], [1986, -1212], [-50, -1690], [-586, -188], [-522, -1011], [-550, -980], [2502, 1761], [2382, 351], [-26, -1408], [-702, 9], [1146, -1302], [590, -620], [-1122, -1911], [-1566, 417], [270, -435], [-1530, 780], [-614, 113], [230, -2795], [-410, -1225], [-598, -359], [3146, -2087], [-4042, 1519], [4018, -316], [-506, -1018], [-1726, 1672], [802, -1024], [-654, -72], [3030, -885], [-2082, 294], [2310, -1950], [1430, 10], [822, -1224], [1218, 999], [2782, -424], [-3642, 1674], [878, -1121], [1154, 862], [2518, -31], [2894, -2003], [-514, -1022], [-942, -426], [-494, -1042], [974, -368], [1746, 1878], [-1122, 1134], [2370, -930], [1942, -2059], [-410, 2585], [522, -684], [1086, 1008]]

exec_time (ms): 295488.9967441559 ms
exec_time: 4m 55s 488.9967441558838ms