N: 143
n: 8
number_of_primes (d): 2
exp_register_width (qd): 6
primes: [2, 3]

R: 9753
T: 8
t: 15
delta: 0.00010253255408592229
delta_inv: 9753Percent of combinations (with positive values of result vector) that gives % N = 1: 22.8%
Percent of combinations (with positive values of result vector) that give p and q: 17.9%
Vectors that gives p and q: [[10, 5], [2, 16], [2, 1], [2, 16], [2, 16], [2, 16], [2, 1], [2, 16], [2, 16], [-2, 14], [2, 16], [2, 16], [2, 16], [2, 16], [2, 16], [-2, 14], [-2, 14], [-2, 14], [-10, 10], [10, 5], [10, -10], [2, 16], [-2, 14], [10, -10], [-2, 14], [-6, -3], [2, 16], [-2, 14], [-6, -3], [2, 16], [2, 1], [-2, 14], [2, 16], [2, 1], [-6, -3], [-2, 14], [2, 16], [2, 16], [10, 5], [2, 1], [-2, 14], [-2, 14], [2, 16], [2, 16], [2, 16], [2, 16], [2, 16], [-2, 14], [2, 1], [2, 16], [-2, 14], [2, 16], [2, 16], [10, 5], [-2, 14], [10, 5], [-2, 14], [2, 16], [2, 16], [2, 16], [-2, 14], [2, 16], [2, 16], [10, 5], [2, 16], [2, 16], [-2, 14], [-2, 14], [2, 1], [2, 16], [-2, -1], [2, 1], [2, 16], [10, 5], [2, 16], [2, 16], [2, 16], [2, 16], [-2, 14], [2, 1], [2, 1], [2, 16], [2, 1], [-2, 14], [2, 16], [2, 16], [-10, 10], [-2, 14], [-10, 10], [2, 16], [10, -10], [2, 16], [-2, 14], [10, 5], [2, 16], [-2, -1], [2, 16], [18, -6], [2, 16], [2, 16], [2, 16], [2, 16], [2, 1], [2, 16], [-10, 10], [2, 16], [2, 16], [2, 16], [2, 16], [-2, 14], [2, 1], [2, 16], [2, 16], [2, 16], [-2, 14], [2, 16], [2, 16], [2, 16], [-6, -3], [2, 16], [2, 16], [-2, 14], [-2, 14], [2, 1], [10, 5], [-6, -3], [10, 5], [2, 16], [2, 16], [-2, 14], [10, 5], [2, 1], [2, 16], [10, -10], [10, 5], [2, 1], [2, 16], [10, 5], [-6, -3], [2, 16], [2, 1], [2, 16], [10, 5], [10, 5], [-2, 14], [-2, 14], [2, 1], [-2, 14], [-2, 14], [2, 1], [2, 16], [10, 5], [10, 5], [2, 16], [10, 5], [-10, 10], [2, 16], [10, 5], [10, -10], [2, 1], [2, 1], [2, 16], [2, 16], [-2, -1], [2, 16], [2, 16], [2, 16], [2, 16], [10, 5], [10, 5], [-10, 10], [2, 1], [18, -6], [-10, 10], [10, 5], [-2, 14], [-10, 10], [10, 5], [10, 5]]

exec_time (ms): 315721.11654281616 ms
exec_time: 5m 15s 721.1165428161621ms