N: 69
n: 7
number_of_primes (d): 2
exp_register_width (qd): 5
primes: [2, 5]

R: 6517
T: 6
t: 15
delta: 0.00015344483658124905
delta_inv: 6517Percent of combinations (with positive values of result vector) that gives % N = 1: 19.9%
Percent of combinations (with positive values of result vector) that give p and q: 17.6%
Vectors that gives p and q: [[3, 5], [1, -2], [-1, 2], [-1, 2], [1, -2], [-1, 2], [1, -2], [1, -2], [-1, 2], [-1, 2], [1, -2], [-1, 2], [1, -2], [1, -2], [-1, 2], [-1, 2], [1, -2], [3, 5], [-1, 2], [-1, 2], [-1, 2], [-1, 2], [-1, 2], [3, 5], [3, 5], [-1, 2], [-1, 2], [-1, 2], [-1, 2], [-1, 2], [-1, 2], [-1, 2], [-1, 2], [-1, 2], [-1, 2], [5, 1], [1, -2], [-1, 2], [-1, 2], [3, 5], [-1, 2], [-1, 2], [-1, 2], [1, -2], [-1, 2], [-1, 2], [3, 5], [-1, 2], [-1, 2], [5, 1], [1, -2], [3, 5], [1, -2], [-1, 2], [-1, 2], [1, -2], [-1, 2], [3, 5], [-1, 2], [1, -2], [3, 5], [-1, 2], [-1, 2], [1, -2], [1, -2], [-1, 2], [3, 5], [1, -2], [3, 5], [-1, 2], [-1, 2], [3, 5], [-1, 2], [-1, 2], [3, 5], [3, 5], [1, -2], [3, 5], [-1, 2], [-1, 2], [1, -2], [3, 5], [-1, 2], [-1, 2], [-1, 2], [3, 5], [-1, 2], [1, -2], [-1, 2], [-1, 2], [1, -2], [-1, 2], [1, -2], [1, -2], [-1, 2], [1, -2], [1, -2], [-1, 2], [-1, 2], [1, -2], [-1, 2], [1, -2], [-1, 2], [-1, 2], [3, 5], [-1, 2], [1, -2], [-1, 2], [-1, 2], [-1, 2], [3, 5], [-1, 2], [-1, 2], [-1, 2], [3, 5], [1, -2], [-1, 2], [-1, 2], [-1, 2], [3, 5], [-1, 2], [3, 5], [1, -2], [-1, 2], [-1, 2], [-1, 2], [-1, 2], [3, 5], [-1, 2], [-1, 2], [-1, 2], [1, -2], [-1, 2], [-1, 2], [1, -2], [-1, 2], [3, 5], [-1, 2], [-1, 2], [-1, 2], [3, 5], [3, 5], [-1, 2], [-1, 2], [1, -2], [-1, 2], [3, 5], [-1, 2], [-1, 2], [1, -2], [3, 5], [-1, 2], [1, -2], [-1, 2], [3, 5], [-1, 2], [-1, 2], [1, -2], [1, -2], [1, -2], [1, -2], [3, 5], [-1, 2], [1, -2], [-1, 2], [3, 5], [3, 5], [-1, 2], [3, 5], [1, -2], [5, 1], [-1, 2], [1, -2], [-1, 2], [-1, 2], [3, 5]]

exec_time (ms): 224161.057472229 ms
exec_time: 3m 44s 161.0574722290039ms