N: 85
n: 7
number_of_primes (d): 2
exp_register_width (qd): 5
primes: [2, 3]

R: 6517
T: 6
t: 15
delta: 0.00015344483658124905
delta_inv: 6517Percent of combinations (with positive values of result vector) that gives % N = 1: 29.2%
Percent of combinations (with positive values of result vector) that give p and q: 25.5%
Vectors that gives p and q: [[-4, 0], [4, 0], [2, 4], [4, 0], [4, 0], [4, 0], [4, 0], [6, -4], [4, 0], [2, 4], [4, 0], [2, 4], [4, 0], [4, 0], [-4, 0], [4, 0], [2, 4], [4, 0], [4, 0], [2, 4], [2, 4], [2, 4], [4, 0], [4, 0], [4, 0], [4, 0], [4, 0], [4, 0], [2, 4], [6, -4], [2, 4], [2, 4], [2, 4], [-4, 0], [4, 0], [4, 0], [4, 0], [-4, 0], [4, 0], [4, 0], [-4, 0], [4, 0], [4, 0], [2, 4], [4, 0], [4, 0], [4, 0], [2, 4], [4, 0], [4, 0], [2, 4], [4, 0], [-4, 0], [4, 0], [-4, 0], [-4, 0], [2, 4], [4, 0], [4, 0], [-4, 0], [4, 0], [2, 4], [-4, 0], [-4, 0], [2, 4], [4, 0], [2, 4], [4, 0], [4, 0], [4, 0], [4, 0], [4, 0], [2, 4], [4, 0], [4, 0], [4, 0], [4, 0], [4, 0], [4, 0], [4, 0], [4, 0], [4, 0], [4, 0], [4, 0], [4, 0], [4, 0], [4, 0], [4, 0], [4, 0], [4, 0], [4, 0], [4, 0], [-4, 0], [4, 0], [4, 0], [6, -4], [6, -4], [2, 4], [4, 0], [4, 0], [2, 4], [2, 4], [4, 0], [4, 0], [2, 4], [2, 4], [4, 0], [2, 4], [4, 0], [4, 0], [2, 4], [4, 0], [4, 0], [-4, 0], [4, 0], [2, 4], [2, 4], [4, 0], [4, 0], [4, 0], [2, 4], [2, 4], [4, 0], [4, 0], [2, 4], [2, 4], [2, 4], [-4, 0], [4, 0], [4, 0], [4, 0], [4, 0], [4, 0], [2, 4], [4, 0], [2, 4], [2, 4], [-4, 0], [4, 0], [4, 0], [4, 0], [4, 0], [2, 4], [4, 0], [4, 0], [4, 0], [4, 0], [-4, 0], [4, 0], [4, 0], [4, 0], [6, -4], [4, 0], [2, 4], [4, 0], [2, 4], [2, 4], [4, 0], [4, 0], [4, 0], [4, 0], [2, 4], [4, 0], [-4, 0], [4, 0], [4, 0], [2, 4], [4, 0], [2, 4], [6, -4], [4, 0], [-4, 0], [4, 0], [4, 0], [4, 0], [6, -4], [4, 0], [2, 4], [6, -4], [4, 0], [2, 4], [4, 0], [2, 4], [-4, 0], [4, 0], [2, 4], [-4, 0], [2, 4], [2, 4], [4, 0], [-4, 0], [4, 0], [4, 0], [4, 0], [-4, 0], [2, 4], [-4, 0], [4, 0], [4, 0], [2, 4], [2, 4], [2, 4], [4, 0], [4, 0], [4, 0], [4, 0], [4, 0], [4, 0], [4, 0], [4, 0], [4, 0], [4, 0], [2, 4], [4, 0], [4, 0], [4, 0], [4, 0], [4, 0], [4, 0], [4, 0], [4, 0], [-4, 0], [4, 0], [4, 0], [4, 0], [4, 0], [2, 4], [4, 0], [-4, 0], [4, 0], [2, 4], [4, 0], [4, 0], [2, 4], [2, 4], [4, 0], [4, 0], [4, 0], [4, 0], [4, 0], [4, 0], [2, 4], [-4, 0], [2, 4], [2, 4], [-4, 0], [4, 0], [2, 4], [4, 0], [4, 0], [6, -4], [4, 0], [4, 0], [4, 0], [4, 0]]

exec_time (ms): 232060.5342388153 ms
exec_time: 3m 52s 60.53423881530762ms