N: 91
n: 7
number_of_primes (d): 2
exp_register_width (qd): 5
primes: [2, 3]

R: 6517
T: 6
t: 15
delta: 0.00015344483658124905
delta_inv: 6517Percent of combinations (with positive values of result vector) that gives % N = 1: 32.5%
Percent of combinations (with positive values of result vector) that give p and q: 21.1%
Vectors that gives p and q: [[0, 3], [0, 3], [-6, 0], [0, 3], [0, 3], [0, 3], [0, 3], [0, 3], [0, 3], [0, 3], [0, 3], [0, 3], [0, 3], [-6, 0], [0, 3], [0, 3], [6, -6], [0, 3], [0, 3], [6, 0], [0, 3], [0, 3], [0, 3], [0, 3], [6, 0], [0, 3], [0, 3], [0, 3], [0, 3], [0, 3], [0, 3], [0, 3], [0, 3], [0, 3], [0, 3], [0, 3], [0, 3], [6, 0], [6, 0], [0, 3], [0, 3], [0, 3], [-6, 0], [0, 3], [0, 3], [0, 3], [0, 3], [6, 0], [6, 0], [0, 3], [6, -6], [0, 3], [0, 3], [0, 3], [6, 0], [0, 3], [0, 3], [6, 0], [0, 3], [0, 3], [6, 0], [0, 3], [6, 0], [0, 3], [0, 3], [0, 3], [6, 0], [0, 3], [0, 3], [-6, 0], [0, 3], [0, 3], [0, 3], [0, 3], [0, 3], [0, 3], [0, 3], [0, 3], [6, 0], [0, 3], [6, 0], [0, 3], [0, 3], [6, -6], [6, -6], [0, 3], [6, 0], [0, 3], [0, 3], [0, 3], [-6, 0], [0, 3], [0, 3], [6, 0], [0, 3], [6, -6], [0, 3], [6, 0], [6, 0], [0, 3], [0, 3], [0, 3], [0, 3], [0, 3], [0, 3], [0, 3], [0, 3], [0, 3], [0, 3], [0, 3], [0, 3], [0, 3], [0, 3], [0, 3], [0, 3], [0, 3], [0, 3], [0, 3], [0, 3], [0, 3], [0, 3], [0, 3], [0, 3], [0, 3], [0, 3], [6, 0], [0, 3], [0, 3], [0, 3], [0, 3], [0, 3], [6, 0], [0, 3], [0, 3], [0, 3], [6, 0], [0, 3], [0, 3], [0, 3], [6, 0], [0, 3], [0, 3], [0, 3], [6, 0], [0, 3], [6, -6], [6, 0], [0, 3], [0, 3], [6, 0], [-6, 0], [0, 3], [0, 3], [0, 3], [0, 3], [0, 3], [6, -6], [0, 3], [0, 3], [0, 3], [0, 3], [0, 3], [0, 3], [6, -6], [0, 3], [0, 3], [6, -6], [0, 3], [0, 3], [0, 3], [0, 3], [6, 0], [0, 3], [0, 3], [0, 3], [0, 3], [0, 3], [6, 0], [0, 3], [0, 3], [0, 3], [0, 3], [6, 0], [0, 3], [0, 3], [0, 3], [0, 3], [0, 3], [0, 3], [0, 3], [0, 3], [0, 3], [0, 3], [0, 3], [6, -6], [0, 3], [0, 3], [0, 3], [-6, 0], [6, 0], [6, 0], [-6, 0], [0, 3], [0, 3], [0, 3], [0, 3], [0, 3], [0, 3], [0, 3], [0, 3], [0, 3]]

exec_time (ms): 230590.27194976807 ms
exec_time: 3m 50s 590.2719497680664ms