N: 85
n: 7
number_of_primes (d): 2
exp_register_width (qd): 5
primes: [2, 3]

R: 6517
T: 6
t: 15
delta: 0.00015344483658124905
delta_inv: 6517Percent of combinations (with positive values of result vector) that gives % N = 1: 17.7%
Percent of combinations (with positive values of result vector) that give p and q: 17.7%
Vectors that gives p and q: [[-4, 0], [2, 4], [4, 0], [2, 4], [-4, 0], [2, 4], [-4, 0], [2, 4], [2, 4], [2, 4], [-4, 0], [-4, 0], [4, 0], [-4, 0], [2, 4], [2, 4], [-4, 0], [4, 0], [2, 4], [2, 4], [-4, 0], [-4, 0], [-4, 0], [-4, 0], [-4, 0], [2, 4], [-4, 0], [2, 4], [2, 4], [-4, 0], [2, 4], [4, 0], [2, 4], [4, 0], [4, 0], [4, 0], [4, 0], [4, 0], [2, 4], [4, 0], [-4, 0], [2, 4], [-4, 0], [4, 0], [4, 0], [4, 0], [4, 0], [2, 4], [4, 0], [-4, 0], [4, 0], [-4, 0], [4, 0], [4, 0], [2, 4], [4, 0], [2, 4], [2, 4], [2, 4], [2, 4], [-4, 0], [-4, 0], [-4, 0], [2, 4], [4, 0], [2, 4], [-4, 0], [4, 0], [4, 0], [-4, 0], [-4, 0], [-4, 0], [-4, 0], [2, 4], [2, 4], [4, 0], [2, 4], [2, 4], [2, 4], [2, 4], [4, 0], [-4, 0], [2, 4], [2, 4], [-4, 0], [2, 4], [4, 0], [4, 0], [2, 4], [4, 0], [2, 4], [2, 4], [4, 0], [4, 0], [2, 4], [-4, 0], [-4, 0], [4, 0], [2, 4], [2, 4], [2, 4], [4, 0], [4, 0], [2, 4], [2, 4], [2, 4], [-4, 0], [4, 0], [2, 4], [2, 4], [4, 0], [2, 4], [2, 4], [2, 4], [2, 4], [2, 4], [4, 0], [2, 4], [2, 4], [2, 4], [-4, 0], [4, 0], [-4, 0], [2, 4], [2, 4], [2, 4], [4, 0], [2, 4], [-4, 0], [4, 0], [-4, 0], [-4, 0], [2, 4], [2, 4], [4, 0], [2, 4], [4, 0], [-4, 0], [4, 0], [2, 4], [2, 4], [4, 0], [2, 4], [-4, 0], [-4, 0], [4, 0], [4, 0], [2, 4], [-4, 0], [2, 4], [-4, 0], [2, 4], [2, 4], [2, 4], [4, 0], [2, 4], [4, 0], [2, 4], [4, 0], [2, 4], [4, 0], [-4, 0], [-4, 0], [-4, 0], [2, 4], [-4, 0], [4, 0], [-4, 0], [-4, 0], [2, 4], [4, 0], [2, 4], [2, 4], [4, 0], [2, 4], [4, 0], [-4, 0]]

exec_time (ms): 197453.56440544128 ms
exec_time: 3m 17s 453.5644054412842ms