N: 55
n: 6
number_of_primes (d): 2
exp_register_width (qd): 5
primes: [2, 3]

R: 5431
T: 5
t: 14
delta: 0.00018412815319462345
delta_inv: 5431Percent of combinations (with positive values of result vector) that gives % N = 1: 31.0%
Percent of combinations (with positive values of result vector) that give p and q: 15.9%
Vectors that gives p and q: [[-2, 4], [0, 10], [9, -3], [-2, 4], [-2, 4], [-2, 4], [-1, 7], [3, -1], [0, 10], [0, 10], [-2, 4], [-2, 4], [-3, 1], [2, -4], [3, -1], [-3, 1], [9, -3], [-2, 4], [-2, 4], [3, -1], [-3, 1], [-2, 4], [3, -1], [-3, 1], [8, -6], [-3, 1], [-2, 4], [-2, 4], [-1, 7], [8, -6], [-3, 1], [-3, 1], [-2, 4], [-3, 1], [3, -1], [0, 10], [-3, 1], [-3, 1], [-3, 1], [8, -6], [-1, 7], [-1, 7], [-2, 4], [-2, 4], [8, -6], [-4, -2], [-4, -2], [-3, 1], [3, -1], [0, 10], [-1, 7], [-2, 4], [0, 10], [9, -3], [-2, 4], [-3, 1], [-2, 4], [-3, 1], [3, -1], [-2, 4], [9, -3], [-7, 9], [-3, 1], [-3, 1], [-1, 7], [-2, 4], [-1, 7], [3, -1], [-3, 1], [0, 10], [0, 10], [3, -1], [8, -6], [0, 10], [-3, 1], [3, -1], [-1, 7], [-2, 4], [0, 10], [-2, 4], [-3, 1], [3, -1], [-1, 7], [-2, 4], [9, -3], [3, -1], [-2, 4], [9, -3], [-2, 4], [-7, 9], [4, 2], [8, -6], [-3, 1], [3, -1], [-2, 4], [3, -1], [3, -1], [-3, 1], [3, -1], [0, 10], [3, -1], [-3, 1], [-3, 1], [-3, 1], [-3, 1], [-2, 4], [3, -1], [8, -6], [-3, 1], [0, 10], [9, -3], [5, 5], [9, -3], [3, -1], [8, -6], [-3, 1], [-2, 4], [-3, 1], [-7, 9], [-3, 1], [9, -3], [0, 10], [9, -3], [0, 10], [-3, 1], [-3, 1], [-3, 1], [-2, 4], [3, -1], [0, 10], [-3, 1], [-3, 1], [-3, 1], [-2, 4], [-1, 7], [-2, 4], [-2, 4], [0, 10], [-2, 4], [-2, 4], [-7, 9], [9, -3], [-3, 1], [-7, 9], [-1, 7], [-7, 9], [0, 10], [8, -6], [3, -1], [-3, 1], [9, -3], [-3, 1], [-2, 4], [-1, 7], [3, -1], [-3, 1], [-3, 1], [9, -3], [-1, 7]]

exec_time (ms): 264520.5547809601 ms
exec_time: 4m 24s 520.554780960083ms