N: 91
n: 7
number_of_primes (d): 2
exp_register_width (qd): 6
primes: [2, 3]

R: 7315
T: 6
t: 15
delta: 0.0001367053998632946
delta_inv: 7315Percent of combinations (with positive values of result vector) that gives % N = 1: 32.8%
Percent of combinations (with positive values of result vector) that give p and q: 17.3%
Vectors that gives p and q: [[0, 9], [0, 9], [0, 9], [0, 9], [-6, 6], [0, 9], [6, 6], [6, 0], [6, 6], [0, 9], [0, 9], [0, 9], [6, 6], [-6, 6], [-6, 6], [0, 9], [-6, 12], [0, 3], [0, 9], [0, 9], [0, 9], [0, 9], [6, 6], [0, 9], [0, 9], [-6, 6], [-6, 12], [-6, 6], [6, 6], [0, 9], [0, 9], [-6, 0], [0, 9], [-6, 6], [-6, 6], [0, 9], [-6, 0], [6, 0], [0, 9], [0, 9], [0, 9], [0, 9], [6, 6], [0, 9], [6, 0], [6, 6], [0, 9], [0, 9], [0, 9], [6, 0], [0, 9], [-6, 6], [-6, 6], [0, 9], [0, 9], [0, 9], [-6, 6], [6, 6], [0, 9], [6, 0], [0, 9], [0, 3], [0, 9], [-6, 12], [0, 9], [-6, 12], [6, 6], [0, 9], [-6, 6], [6, 6], [-6, 0], [0, 9], [0, 9], [-6, 0], [0, 9], [6, 6], [6, 6], [-6, 0], [0, 9], [0, 9], [0, 9], [6, 6], [0, 9], [0, 9], [-6, 6], [0, 9], [0, 9], [0, 9], [6, 6], [0, 9], [6, 6], [0, 9], [0, 9], [-6, 6], [6, 6], [0, 9], [0, 9], [6, 0], [6, 6], [6, 6], [-6, 6], [0, 9], [0, 9], [6, 0], [6, 0], [6, 6], [0, 9], [6, 0], [6, 6], [0, 9], [0, 9], [6, 6], [0, 9], [0, 9], [0, 9], [6, 6], [-6, 0], [0, 9], [0, 9], [0, 9], [0, 9], [6, 0], [-6, 6], [-6, 6], [0, 9], [-6, 6], [0, 9], [0, 9], [0, 9], [-6, 12], [6, 0], [0, 9], [0, 9], [0, 9], [0, 9], [0, 9], [0, 9], [6, 0], [-6, 6], [-6, 0], [0, 3], [6, 6], [0, 9], [-6, 6], [-6, 6], [-6, 6], [6, 6], [0, 9], [0, 9], [0, 9], [0, 9], [6, 0], [-6, 12], [0, 9], [0, 9], [6, 6], [0, 9], [0, 9], [0, 9], [0, 9], [0, 9], [-6, 0], [-6, 6], [0, 9], [0, 9], [0, 9], [6, 6], [6, 6], [6, 6], [6, 0], [6, 0], [-6, 6], [6, 0]]

exec_time (ms): 289268.69320869446 ms
exec_time: 4m 49s 268.693208694458ms