N: 57
n: 6
number_of_primes (d): 2
exp_register_width (qd): 5
primes: [2, 5]

R: 5431
T: 5
t: 14
delta: 0.00018412815319462345
delta_inv: 5431Percent of combinations (with positive values of result vector) that gives % N = 1: 9.9%
Percent of combinations (with positive values of result vector) that give p and q: 7.1%
Vectors that gives p and q: [[2, 1], [3, -3], [2, 1], [2, 1], [1, 5], [2, 1], [3, -3], [2, 1], [3, -3], [1, 5], [3, -3], [3, -3], [2, 1], [2, 1], [1, 5], [2, 1], [5, 7], [2, 1], [-2, -1], [5, 7], [3, -3], [3, -3], [-3, 3], [2, 1], [2, 1], [5, 7], [2, 1], [-2, -1], [1, 5], [2, 1], [3, -3], [3, -3], [1, 5], [3, -3], [2, 1], [3, -3], [2, 1], [2, 1], [2, 1], [5, 7], [2, 1], [5, 7], [3, -3], [3, -3], [2, 1], [3, -3], [2, 1], [2, 1], [5, 7], [3, -3], [2, 1], [2, 1], [1, 5], [5, 7], [3, -3], [2, 1], [2, 1], [-2, -1], [-2, -1], [2, 1], [3, -3], [3, -3], [2, 1], [3, -3], [5, 7], [5, 7], [2, 1], [-2, -1], [5, 7], [3, -3], [2, 1]]

exec_time (ms): 200892.00735092163 ms
exec_time: 3m 20s 892.0073509216309ms