N: 39
n: 6
number_of_primes (d): 3
exp_register_width (qd): 5
primes: [2, 5, 7]

R: 12620
T: 3
t: 5
delta: 9.704792958728914e-05
delta_inv: 10305Percent of combinations (with positive values of result vector) that gives % N = 1: 100.0%
Percent of combinations (with positive values of result vector) that give p and q: 100.0%
Vectors that gives p and q: [[0, -2, 0], [0, -2, 0], [0, -2, 0], [0, -2, 0], [-1, 0, -1], [0, -2, 0], [0, -2, 0], [0, -2, 0], [0, -2, 0], [0, -2, 0], [0, -2, 0], [-1, 0, -1], [0, -2, 0], [0, -2, 0], [0, -2, 0], [0, -2, 0], [0, -2, 0], [0, -2, 0], [0, -2, 0], [0, -2, 0], [0, -2, 0], [-1, 0, -1], [-1, 0, -1], [0, -2, 0], [0, -2, 0], [0, -2, 0], [-1, 0, -1], [0, -2, 0], [0, -2, 0], [0, -2, 0], [0, -2, 0], [0, -2, 0], [0, -2, 0], [0, -2, 0], [0, -2, 0], [0, -2, 0], [0, -2, 0], [0, -2, 0], [0, -2, 0], [0, -2, 0], [0, -2, 0], [0, -2, 0], [0, -2, 0], [0, -2, 0], [0, -2, 0], [0, -2, 0], [0, -2, 0], [0, -2, 0], [-1, 0, -1], [-1, 0, -1]]

exec_time (ms): 38999.85313415527 ms
exec_time: 38s 999.8531341552734ms