N: 57
n: 6
number_of_primes (d): 2
exp_register_width (qd): 5
primes: [2, 5]

R: 5431
T: 5
t: 14
delta: 0.00018412815319462345
delta_inv: 5431Percent of combinations (with positive values of result vector) that gives % N = 1: 17.5%
Percent of combinations (with positive values of result vector) that give p and q: 10.9%
Vectors that gives p and q: [[2, 1], [2, 1], [5, 7], [5, 7], [3, -3], [5, 7], [2, 1], [2, 1], [2, 1], [3, -3], [5, 7], [5, 7], [1, 5], [5, 7], [5, 7], [5, 7], [5, 7], [2, 1], [5, 7], [2, 1], [5, 7], [1, 5], [2, 1], [5, 7], [5, 7], [5, 7], [3, -3], [2, 1], [2, 1], [2, 1], [5, 7], [2, 1], [2, 1], [5, 7], [3, -3], [1, 5], [5, 7], [2, 1], [5, 7], [2, 1], [2, 1], [5, 7], [5, 7], [5, 7], [2, 1], [2, 1], [3, -3], [1, 5], [5, 7], [5, 7], [1, 5], [2, 1], [1, 5], [2, 1], [3, -3], [2, 1], [3, -3], [3, -3], [5, 7], [3, -3], [2, 1], [3, -3], [2, 1], [2, 1], [2, 1], [5, 7], [2, 1], [2, 1], [1, 5], [1, 5], [2, 1], [5, 7], [5, 7], [2, 1], [5, 7], [5, 7], [2, 1], [5, 7], [2, 1], [2, 1], [2, 1], [2, 1], [2, 1], [2, 1], [5, 7], [5, 7], [3, -3], [3, -3], [5, 7], [2, 1], [3, -3], [3, -3], [2, 1], [5, 7], [5, 7], [5, 7], [5, 7], [3, -3], [2, 1], [2, 1], [3, -3], [2, 1], [3, -3], [2, 1], [2, 1], [2, 1], [2, 1], [2, 1], [2, 1]]

exec_time (ms): 255623.55518341064 ms
exec_time: 4m 15s 623.5551834106445ms