N: 77
n: 7
number_of_primes (d): 2
exp_register_width (qd): 6
primes: [2, 3]

R: 7315
T: 6
t: 15
delta: 0.0001367053998632946
delta_inv: 7315Percent of combinations (with positive values of result vector) that gives % N = 1: 34.5%
Percent of combinations (with positive values of result vector) that give p and q: 13.8%
Vectors that gives p and q: [[4, 7], [-3, 6], [4, 7], [4, 7], [-3, 6], [4, 7], [4, 7], [-3, 6], [-3, 6], [4, 7], [4, 7], [-3, 6], [4, 7], [4, 7], [4, 7], [4, 7], [1, -2], [6, 3], [-3, 6], [4, 7], [-1, 2], [4, 7], [-1, 2], [4, 7], [4, 7], [1, -2], [-1, 2], [4, 7], [-3, 6], [-1, 2], [4, 7], [4, 7], [-1, 2], [-3, 6], [-1, 2], [-3, 6], [-3, 6], [4, 7], [-1, 2], [-3, 6], [4, 7], [4, 7], [4, 7], [-3, 6], [-1, 2], [-3, 6], [4, 7], [1, -2], [-1, 2], [-1, 2], [4, 7], [-1, 2], [-3, 6], [-3, 6], [4, 7], [1, -2], [-3, 6], [4, 7], [4, 7], [-1, 2], [-3, 6], [-3, 6], [-3, 6], [-1, 2], [-3, 6], [-3, 6], [-1, 2], [-1, 2], [4, 7], [-3, 6], [-1, 2], [-1, 2], [-3, 6], [4, 7], [-1, 2], [-3, 6], [1, -2], [-1, 2], [-3, 6], [1, -2], [4, 7], [2, 11], [4, 7], [-3, 6], [-3, 6], [-3, 6], [4, 7], [-1, 2], [4, 7], [-1, 2], [4, 7], [-1, 2], [4, 7], [-3, 6], [4, 7], [-3, 6], [-1, 2], [-3, 6], [-3, 6], [-1, 2], [-3, 6], [-3, 6], [-3, 6], [-3, 6], [-3, 6], [-3, 6], [4, 7], [4, 7], [-3, 6], [4, 7], [4, 7], [-1, 2], [1, -2], [-3, 6], [-1, 2], [-3, 6], [-1, 2], [-1, 2], [4, 7], [-3, 6], [-1, 2], [-3, 6], [-3, 6], [4, 7], [-3, 6], [1, -2], [-1, 2], [-3, 6], [-3, 6], [4, 7], [4, 7], [-1, 2], [4, 7], [-3, 6], [-1, 2], [-3, 6], [-3, 6], [4, 7]]

exec_time (ms): 255134.6161365509 ms
exec_time: 4m 15s 134.61613655090332ms