N: 51
n: 6
number_of_primes (d): 2
exp_register_width (qd): 5
primes: [2, 5]

R: 5431
T: 5
t: 14
delta: 0.00018412815319462345
delta_inv: 5431Percent of combinations (with positive values of result vector) that gives % N = 1: 41.9%
Percent of combinations (with positive values of result vector) that give p and q: 23.8%
Vectors that gives p and q: [[-2, 4], [-2, 4], [0, 8], [-2, 4], [0, 8], [4, 0], [-2, 4], [-2, 4], [0, 8], [10, -4], [-1, 6], [1, 10], [9, -6], [-2, 4], [0, 8], [-2, 4], [-2, 4], [4, 0], [0, 8], [9, -6], [4, 0], [-2, 4], [3, -2], [-2, 4], [9, -6], [-3, 2], [-2, 4], [-2, 4], [-2, 4], [4, 0], [0, 8], [0, 8], [-2, 4], [-1, 6], [0, 8], [4, 0], [1, 10], [4, 0], [-2, 4], [-2, 4], [-2, 4], [-2, 4], [0, 8], [0, 8], [-2, 4], [0, 8], [-3, 2], [1, 10], [0, 8], [-2, 4], [0, 8], [0, 8], [0, 8], [-2, 4], [0, 8], [5, 2], [0, 8], [-2, 4], [4, 0], [4, 0], [0, 8], [-2, 4], [4, 0], [-2, 4], [-1, 6], [-2, 4], [9, 10], [4, 0], [-2, 4], [-2, 4], [-2, 4], [-3, 2], [-3, 2], [-2, 4], [-2, 4], [0, 8], [-4, 0], [4, 0], [0, 8], [-2, 4], [-1, 6], [-2, 4], [0, 8], [4, 0], [4, 0], [5, 2], [0, 8], [0, 8], [0, 8], [-2, 4], [0, 8], [0, 8], [5, 2], [-1, 6], [10, -4], [0, 8], [4, 0], [4, 0], [1, 10], [0, 8], [1, 10], [-2, 4], [5, 2], [-2, 4], [-3, 2], [0, 8], [0, 8], [0, 8], [-2, 4], [-1, 6], [3, -2], [4, 0], [-2, 4], [0, 8], [1, 10], [-1, 6], [5, 2], [-2, 4], [-2, 4], [10, -4], [0, 8], [4, 0], [-3, 2], [4, 0], [3, -2], [4, 0], [4, 0], [5, 2], [-1, 6], [0, 8], [-2, 4], [0, 8], [-2, 4], [10, -4], [-1, 6], [1, 10], [-1, 6], [1, 10], [3, -2], [-1, 6], [0, 8], [-2, 4], [5, 2], [0, 8], [-2, 4], [-2, 4], [4, 0], [9, -6], [-2, 4], [-2, 4], [5, 2], [0, 8], [5, 2], [9, -6], [4, 0], [-2, 4], [1, 10], [4, 0], [0, 8], [4, 0], [0, 8], [-2, 4], [5, 2], [3, -2], [4, 0], [4, 0], [-2, 4], [-6, -4], [9, -6], [4, 0], [0, 8], [-2, 4], [-2, 4], [4, 0], [0, 8], [4, 0], [-1, 6], [5, 2], [4, 0], [-2, 4], [-3, 2], [0, 8], [-2, 4], [10, -4], [-1, 6], [-2, 4], [-3, 2], [9, -6], [9, -6], [-2, 4], [0, 8], [9, -6], [5, 2], [-2, 4], [4, 0], [-2, 4], [1, 10], [4, 0], [9, -6], [0, 8], [-3, 2], [-2, 4], [-2, 4], [-2, 4], [0, 8], [0, 8], [0, 8], [9, -6], [-3, 2], [4, 0], [-3, 2], [0, 8], [-2, 4], [3, -2], [3, -2], [-2, 4], [3, -2], [1, 10], [-2, 4], [-1, 6], [10, -4], [-1, 6], [-2, 4], [1, 10], [0, 8], [4, 0], [1, 10], [2, -4], [1, 10], [5, 2], [4, 0], [0, 8], [9, -6], [5, 2], [4, 0], [0, 8], [-2, 4], [1, 10]]

exec_time (ms): 269981.94456100464 ms
exec_time: 4m 29s 981.9445610046387ms