N: 65
n: 7
number_of_primes (d): 2
exp_register_width (qd): 5
primes: [2, 3]

R: 6517
T: 6
t: 15
delta: 0.00015344483658124905
delta_inv: 6517Percent of combinations (with positive values of result vector) that gives % N = 1: 26.4%
Percent of combinations (with positive values of result vector) that give p and q: 16.4%
Vectors that gives p and q: [[-2, 2], [4, 2], [0, 6], [0, 6], [-2, 2], [0, 6], [0, 6], [0, 6], [-2, 2], [0, 6], [4, 2], [-2, 2], [2, -2], [-2, 2], [0, 6], [0, 6], [-2, 2], [-2, 2], [4, 2], [2, -2], [-2, 2], [-2, 2], [0, 6], [-2, 2], [-2, 2], [-2, 2], [-2, 2], [-2, 2], [0, 6], [-2, 2], [4, 2], [2, -2], [4, 2], [0, 6], [0, 6], [4, 2], [-2, 2], [-2, 2], [-2, 2], [0, 6], [2, -2], [2, -2], [0, 6], [-2, 2], [-2, 2], [2, -2], [-2, 2], [-2, 2], [0, 6], [0, 6], [-2, 2], [4, 2], [-2, 2], [4, 2], [0, 6], [-2, 2], [0, 6], [-2, 2], [0, 6], [-2, 2], [2, -2], [-2, 2], [-2, 2], [4, 2], [0, 6], [-2, 2], [-2, 2], [-2, 2], [-2, 2], [-2, 2], [-2, 2], [0, 6], [-2, 2], [0, 6], [4, 2], [0, 6], [4, 2], [0, 6], [4, 2], [4, 2], [-2, 2], [-2, 2], [2, -2], [0, 6], [-2, 2], [-2, 2], [0, 6], [-2, 2], [-2, 2], [4, 2], [0, 6], [2, -2], [0, 6], [2, -2], [-2, 2], [2, -2], [0, 6], [-2, 2], [0, 6], [-2, 2], [0, 6], [2, -2], [0, 6], [-2, 2], [-2, 2], [2, -2], [-2, 2], [4, 2], [2, -2], [0, 6], [-2, 2], [-2, 2], [0, 6], [-2, 2], [2, -2], [4, 2], [0, 6], [-2, 2], [-2, 2], [0, 6], [0, 6], [2, -2], [-2, 2], [-2, 2], [0, 6], [0, 6], [0, 6], [-2, 2], [2, -2], [-2, 2], [2, -2], [2, -2], [-2, 2], [0, 6], [-2, 2], [-2, 2], [2, -2], [-2, 2], [-2, 2], [2, -2], [0, 6], [2, -2], [-2, 2], [4, 2], [-2, 2], [4, 2], [0, 6], [0, 6], [-2, 2], [-2, 2], [0, 6], [0, 6], [2, -2], [-2, 2], [-2, 2], [-2, 2], [0, 6], [0, 6], [4, 2], [4, 2], [0, 6], [2, -2], [0, 6], [2, -2]]

exec_time (ms): 228523.44298362732 ms
exec_time: 3m 48s 523.4429836273193ms