N: 39
n: 6
number_of_primes (d): 3
exp_register_width (qd): 5
primes: [2, 5, 7]

R: 11287
T: 3
t: 16
delta: 0.00010850933564202967
delta_inv: 9216Percent of combinations (with positive values of result vector) that gives % N = 1: 7.1%
Percent of combinations (with positive values of result vector) that give p and q: 4.5%
Vectors that gives p and q: [[1, -1, -2], [-2, -1, 1], [1, 0, 1], [1, -1, -2], [-1, 1, 2], [1, 0, 1], [1, -1, -2], [1, -1, -2], [1, 0, 1], [1, 0, 1], [1, -1, -2], [-1, 1, 2], [1, -1, -2], [1, -1, -2], [1, -1, -2], [1, -1, -2], [1, -1, -2], [1, 0, 1], [1, -1, -2], [1, -1, -2], [1, 0, 1], [1, 0, 1], [1, -1, -2], [-1, 0, -1], [1, -1, -2], [1, -1, -2], [-1, 1, 2], [1, -1, -2], [-1, 0, -1], [1, 0, 1], [-2, -1, 1], [1, -1, -2], [1, 0, 1], [1, -1, -2], [-1, 0, -1], [1, -1, -2], [-1, 1, 2], [1, -1, -2], [-1, 1, 2], [-1, 0, -1], [1, -1, -2], [-1, 0, -1], [1, 0, 1], [1, -1, -2], [-2, -1, 1]]

exec_time (ms): 495713.82904052734 ms
exec_time: 8m 15s 713.8290405273438ms