N: 119
n: 7
number_of_primes (d): 2
exp_register_width (qd): 5
primes: [2, 3]

R: 6517
T: 6
t: 15
delta: 0.00015344483658124905
delta_inv: 6517Percent of combinations (with positive values of result vector) that gives % N = 1: 23.6%
Percent of combinations (with positive values of result vector) that give p and q: 12.3%
Vectors that gives p and q: [[-2076, -1440], [292, -2480], [-771, 354], [-1131, -270], [-1306, -892], [621, -1230], [-3672, 1512], [-1281, 1158], [-552, -1080], [-1991, -2198], [959, 2582], [85, 2002], [-552, 3432], [1457, 1466], [-2158, 1676], [-666, -1164], [-1679, 1066], [1941, 258], [-1863, -774], [-495, -726], [-366, 1596], [-1080, -552], [-1185, 342], [-522, 1668], [-66, 1620], [-658, -796], [830, 1028], [905, -1126], [-1818, -684], [-784, 1160], [-2018, -332], [-1102, -3364], [-1120, -88], [-1312, -40], [-939, 642], [155, -1090], [410, -1492], [-36, -1680], [-1782, -708], [188, -1408], [1020, 816], [1766, 692], [-64, 2840], [-1380, 720], [-612, -1680], [1625, -502], [-1749, -642], [-1274, -1004], [-1196, -560], [1367, -1882], [-1075, 722], [1522, 1468], [-2290, -268], [-72, -1704], [-596, 736], [553, -3014], [-1652, 352], [968, -1624], [809, -1606], [-1440, -1944], [-805, 350], [-41, -2762], [911, 614], [-1014, 732], [-565, 1838], [-1651, -2974], [-630, 444], [-1195, 338], [-1148, -2432], [1309, 754], [3703, -458], [-1952, -1640], [2096, 536], [-1337, -1274], [410, 1724], [26, -2260], [532, -1136], [137, -1318], [-1848, -1560], [-278, -1268], [1761, -342], [-1860, -2640], [331, -1010], [1023, 534], [-1973, 958], [-1344, -2184], [412, -992], [-2369, -2378], [1265, -1558], [1274, -196], [-1445, -1250], [1790, -28], [-978, 180], [-3287, 1306], [-2283, 258], [-1968, -1704], [-364, 992], [-188, 1456], [-179, -1406], [-871, 1034], [-1274, -2204], [-3389, 478], [-3468, 432], [559, 886], [-1901, -1874], [-1266, -300], [-1964, 1888], [-2139, -1710], [-400, 1976], [95, -2410], [492, -1680], [-2315, -1262], [-2172, -1296], [77, -1582], [869, -1294], [-1621, -2242], [2102, 1076], [-907, -1150], [-1377, -1098], [286, -1052], [-179, 1474], [952, 1336], [-1543, 122]]

exec_time (ms): 223054.51583862305 ms
exec_time: 3m 43s 54.515838623046875ms