N: 51
n: 6
number_of_primes (d): 2
exp_register_width (qd): 5
primes: [2, 5]

R: 5431
T: 5
t: 14
delta: 0.00018412815319462345
delta_inv: 5431Percent of combinations (with positive values of result vector) that gives % N = 1: 19.4%
Percent of combinations (with positive values of result vector) that give p and q: 12.5%
Vectors that gives p and q: [[5, 2], [9, -6], [9, -6], [5, 2], [9, -6], [9, -6], [9, -6], [5, 2], [9, -6], [9, -6], [9, -6], [5, 2], [9, -6], [9, -6], [5, 2], [9, -6], [5, 2], [9, -6], [9, -6], [5, 2], [5, 2], [5, 2], [9, -6], [5, 2], [9, -6], [9, -6], [5, 2], [9, -6], [9, -6], [9, -6], [5, 2], [5, 2], [5, 2], [9, -6], [5, 2], [9, -6], [5, 2], [5, 2], [9, -6], [9, -6], [5, 2], [9, -6], [9, -6], [5, 2], [5, 2], [5, 2], [5, 2], [9, -6], [9, -6], [9, -6], [5, 2], [5, 2], [5, 2], [9, -6], [5, 2], [5, 2], [5, 2], [5, 2], [9, -6], [9, -6], [9, -6], [5, 2], [5, 2], [9, -6], [9, -6], [5, 2], [5, 2], [9, -6], [9, -6], [5, 2], [9, -6], [9, -6], [5, 2], [9, -6], [5, 2], [5, 2], [5, 2], [5, 2], [5, 2], [5, 2], [5, 2], [5, 2], [5, 2], [-1, 6], [5, 2], [5, 2], [5, 2], [5, 2], [5, 2], [9, -6], [5, 2], [5, 2], [9, -6], [5, 2], [5, 2], [5, 2], [5, 2], [5, 2], [9, -6], [5, 2], [9, -6], [5, 2], [9, -6], [9, -6], [5, 2], [5, 2], [9, -6], [5, 2], [-1, 6], [5, 2], [9, -6], [5, 2], [5, 2], [5, 2], [9, -6], [9, -6], [5, 2], [5, 2], [5, 2], [9, -6], [5, 2], [9, -6], [5, 2], [9, -6], [9, -6]]

exec_time (ms): 188124.77207183838 ms
exec_time: 3m 8s 124.7720718383789ms