N: 65
n: 7
number_of_primes (d): 2
exp_register_width (qd): 5
primes: [2, 3]

R: 6517
T: 6
t: 15
delta: 0.00015344483658124905
delta_inv: 6517Percent of combinations (with positive values of result vector) that gives % N = 1: 13.1%
Percent of combinations (with positive values of result vector) that give p and q: 8.5%
Vectors that gives p and q: [[-2, 2], [-2, 2], [-2, 2], [-2, 2], [-2, 2], [-2, 2], [-2, 2], [2, -2], [-2, 2], [-2, 2], [4, 2], [-2, 2], [2, -2], [-2, 2], [-2, 2], [-2, 2], [-2, 2], [-2, 2], [2, -2], [-2, 2], [2, -2], [-2, 2], [-2, 2], [-2, 2], [-2, 2], [-2, 2], [-2, 2], [-2, 2], [2, -2], [-2, 2], [-2, 2], [-2, 2], [-2, 2], [2, -2], [-2, 2], [-2, 2], [-2, 2], [-2, 2], [2, -2], [-2, 2], [2, -2], [-2, 2], [-2, 2], [-2, 2], [-2, 2], [-2, 2], [2, -2], [-2, 2], [-2, 2], [-2, 2], [2, -2], [-2, 2], [-2, 2], [-2, 2], [-2, 2], [-2, 2], [-2, 2], [4, 2], [-2, 2], [-2, 2], [2, -2], [2, -2], [-2, 2], [-2, 2], [-2, 2], [2, -2], [-2, 2], [-2, 2], [-2, 2], [2, -2], [-2, 2], [-2, 2], [-2, 2], [-2, 2], [-2, 2], [-2, 2], [-2, 2], [-2, 2], [-2, 2], [-2, 2], [-2, 2], [-2, 2], [-2, 2], [2, -2], [2, -2]]

exec_time (ms): 211697.44682312012 ms
exec_time: 3m 31s 697.4468231201172ms