N: 95
n: 7
number_of_primes (d): 2
exp_register_width (qd): 5
primes: [2, 3]

R: 6517
T: 6
t: 15
delta: 0.00015344483658124905
delta_inv: 6517Percent of combinations (with positive values of result vector) that gives % N = 1: 27.1%
Percent of combinations (with positive values of result vector) that give p and q: 13.1%
Vectors that gives p and q: [[389, 1075], [134, -1100], [-1163, 563], [-106, -536], [-1649, -823], [-2546, -1240], [-1341, -1071], [-1564, -230], [-1820, 86], [-1144, -110], [-1846, -128], [2361, 1491], [-749, -787], [-912, 642], [-1137, -267], [337, -2197], [-497, 1157], [-3402, 936], [-1543, -1277], [-1043, 1559], [-1513, 97], [1470, -2136], [556, 2498], [-802, -1064], [-1812, 534], [1526, -1700], [-1399, -1889], [-1158, -696], [-1165, -539], [-1216, -398], [240, -1194], [615, -1731], [1521, 135], [-293, -1603], [-136, -1082], [335, 2065], [-1124, -538], [-1652, -658], [-223, -1013], [-279, 1395], [831, -1119], [-1053, -639], [-823, -809], [470, 2992], [2705, 667], [-466, -1112], [-1249, 625], [1792, 2702], [-924, 618], [1333, -601], [611, 2905], [208, -2554], [744, 750], [-1403, 479], [-731, -2821], [-1703, -1057], [2890, -592], [120, 330], [326, 2848], [-1095, -489], [-2003, -361], [-2685, -2283], [275, -1583], [-911, -1201], [295, -2731], [667, -1015], [-2627, 1739], [721, 3215], [-2347, 139], [-468, 1422], [285, -717], [-1070, 344], [1314, -1908], [-1620, -2034], [372, -1398], [677, -1625], [1298, -1400], [-748, 2302], [-1251, -549], [-1486, 2284], [-1371, -69], [2758, 512], [1974, 2940], [-663, -2037], [661, 971], [1167, -2355], [1657, -1825], [-478, -1172], [809, -1541], [-1955, -985], [-506, -832], [368, -2594], [-730, 1348], [-1532, 50], [667, -2311], [-13, -1331], [1285, -2641], [-1664, 1046], [-2163, -249], [-1969, 733], [-1028, -418], [-1043, -1177], [661, 1943], [-211, -1133], [-798, 1464], [574, 2444], [-711, -2169], [-1756, 142], [-1584, 342], [3361, -37], [1488, -1506], [788, -1358], [-1535, 755], [-2163, -321], [1017, -2889], [-974, -868], [1032, -1158], [1128, 762], [-849, -1383], [914, -368], [807, -1851], [637, -2389], [-1909, 2581], [-1236, -618], [-351, 2871], [-1412, 1046], [405, -1485], [-976, 2062], [-909, -2187], [1002, -264], [725, -2069]]

exec_time (ms): 229879.8496723175 ms
exec_time: 3m 49s 879.8496723175049ms