N: 119
n: 7
number_of_primes (d): 2
exp_register_width (qd): 6
primes: [2, 3]

R: 7315
T: 6
t: 15
delta: 0.0001367053998632946
delta_inv: 7315Percent of combinations (with positive values of result vector) that gives % N = 1: 22.3%
Percent of combinations (with positive values of result vector) that give p and q: 15.0%
Vectors that gives p and q: [[-2, 4], [1, 10], [1, 10], [1, 10], [-2, 4], [1, 10], [1, 10], [1, 10], [1, 10], [1, 10], [1, 10], [1, 10], [1, 10], [1, 10], [-2, 4], [1, 10], [1, 10], [1, 10], [1, 10], [1, 10], [1, 10], [-2, 4], [12, 0], [1, 10], [1, 10], [-2, 4], [1, 10], [1, 10], [1, 10], [1, 10], [1, 10], [5, 2], [1, 10], [-2, 4], [1, 10], [1, 10], [1, 10], [1, 10], [1, 10], [1, 10], [1, 10], [1, 10], [1, 10], [1, 10], [1, 10], [1, 10], [-2, 4], [1, 10], [-2, 4], [-2, 4], [1, 10], [1, 10], [1, 10], [-2, 4], [1, 10], [1, 10], [1, 10], [1, 10], [1, 10], [1, 10], [-2, 4], [1, 10], [1, 10], [1, 10], [1, 10], [-2, 4], [1, 10], [1, 10], [1, 10], [1, 10], [-2, 4], [1, 10], [1, 10], [1, 10], [1, 10], [1, 10], [1, 10], [-2, 4], [-2, 4], [1, 10], [1, 10], [1, 10], [1, 10], [1, 10], [1, 10], [-2, 4], [1, 10], [1, 10], [1, 10], [1, 10], [1, 10], [1, 10], [1, 10], [1, 10], [1, 10], [1, 10], [1, 10], [1, 10], [1, 10], [-2, 4], [1, 10], [1, 10], [1, 10], [1, 10], [1, 10], [1, 10], [1, 10], [1, 10], [-2, 4], [1, 10], [1, 10], [1, 10], [-2, 4], [9, -6], [1, 10], [1, 10], [1, 10], [1, 10], [-2, 4], [1, 10], [1, 10], [1, 10], [1, 10], [-2, 4], [1, 10], [-2, 4], [1, 10], [1, 10], [1, 10], [1, 10], [1, 10], [1, 10], [1, 10], [1, 10], [1, 10], [-2, 4], [-2, 4], [1, 10], [1, 10], [1, 10], [1, 10], [1, 10], [1, 10], [-2, 4], [1, 10], [1, 10], [1, 10], [1, 10], [1, 10], [5, 2]]

exec_time (ms): 261582.4429988861 ms
exec_time: 4m 21s 582.4429988861084ms