N: 95
n: 7
number_of_primes (d): 2
exp_register_width (qd): 6
primes: [2, 3]

R: 7315
T: 6
t: 15
delta: 0.0001367053998632946
delta_inv: 7315Percent of combinations (with positive values of result vector) that gives % N = 1: 19.1%
Percent of combinations (with positive values of result vector) that give p and q: 7.2%
Vectors that gives p and q: [[1, 11], [-4, 10], [1, 11], [-4, 10], [2, 4], [14, -8], [7, 5], [1, 11], [7, 5], [2, 4], [-4, 10], [-4, 10], [7, 5], [2, 4], [1, 11], [2, 4], [-4, 10], [2, 4], [1, 11], [-4, 10], [1, 11], [2, 4], [2, 4], [1, 11], [14, -8], [9, -9], [7, 5], [7, 5], [7, 5], [2, 4], [2, 4], [-4, 10], [1, 11], [-4, 10], [7, 5], [7, 5], [2, 4], [1, 11], [1, 11], [14, -8], [7, 5], [2, 4], [-4, 10], [-4, 10], [2, 4], [2, 4], [2, 4], [2, 4], [7, 5], [-4, 10], [1, 11], [7, 5], [-4, 10], [1, 11], [-4, 10], [7, 5], [-4, 10], [7, 5], [-4, 10], [1, 11], [-4, 10], [7, 5], [7, 5], [9, -9], [7, 5], [-4, 10], [9, -9], [1, 11], [2, 4], [2, 4], [9, -9], [1, 11]]

exec_time (ms): 261543.33519935608 ms
exec_time: 4m 21s 543.3351993560791ms