N: 77
n: 7
number_of_primes (d): 2
exp_register_width (qd): 6
primes: [2, 3]

R: 93873
T: 77
t: 19
delta: 1.0652690336944595e-05
delta_inv: 93873Percent of combinations (with positive values of result vector) that gives % N = 1: 6.8%
Percent of combinations (with positive values of result vector) that give p and q: 6.8%
Vectors that gives p and q: [[-1, 2], [-1, 2], [-1, 2], [-1, 2], [-1, 2], [-1, 2], [-1, 2], [-1, 2], [-1, 2], [-1, 2], [1, -2], [1, -2], [-1, 2], [1, -2], [-1, 2], [-1, 2], [-1, 2], [-1, 2], [-1, 2], [-1, 2], [-1, 2], [1, -2], [-1, 2], [-1, 2], [-1, 2], [1, -2], [1, -2], [-1, 2], [1, -2], [-1, 2], [1, -2], [-1, 2], [-1, 2], [-1, 2], [1, -2], [-1, 2], [1, -2], [-1, 2], [-1, 2], [-1, 2], [-1, 2], [-1, 2], [1, -2], [-1, 2], [-1, 2], [-1, 2], [1, -2], [-1, 2], [-1, 2], [-1, 2], [-1, 2], [-1, 2], [-1, 2], [-1, 2], [-1, 2], [-1, 2], [-1, 2], [1, -2], [-1, 2], [1, -2], [1, -2], [-1, 2], [-1, 2], [-1, 2], [-1, 2], [1, -2], [1, -2], [-1, 2]]

exec_time (ms): 231001.97434425354 ms
exec_time: 3m 51s 1.974344253540039ms