N: 119
n: 7
number_of_primes (d): 2
exp_register_width (qd): 6
primes: [2, 3]

R: 7315
T: 6
t: 15
delta: 0.0001367053998632946
delta_inv: 7315Percent of combinations (with positive values of result vector) that gives % N = 1: 18.9%
Percent of combinations (with positive values of result vector) that give p and q: 10.6%
Vectors that gives p and q: [[-302, 1420], [667, 862], [730, 1036], [-2101, 1070], [1225, 2362], [362, -868], [289, -1286], [2028, -1008], [-1145, 1846], [518, 1268], [-176, -1112], [-2045, 1054], [420, -672], [1120, 184], [-820, 128], [-1366, -532], [-140, -560], [-962, -1532], [83, -1186], [961, -518], [831, -906], [823, -122], [-419, -1598], [-876, 432], [261, -894], [1995, -1026], [-716, 496], [607, -74], [-2230, -724], [-1087, -2518], [-778, -796], [25, -710], [1031, 806], [-781, -226], [-532, -1264], [-1464, -552], [155, -898], [880, -1784], [-1031, -422], [-793, -1546], [-1559, -422], [218, -1204], [-150, -1236], [68, -1264], [-489, -1290], [-2010, 996], [-797, 190], [-944, -776], [-818, 1684], [1114, 2380], [-572, -752], [-1343, 58], [1178, 2396], [116, -1408], [-750, 108], [1989, 882], [1990, -1004], [775, -266], [1069, -1214], [-1366, 908], [-1210, -268], [568, 760], [-1294, 44], [766, 676], [-1953, 966], [8, -1192], [-923, -734], [-572, -800], [734, 2612], [-1871, -902], [-2093, 1006], [-536, 472], [425, -790], [-152, -1448], [1153, 634], [-2024, 952], [-1058, 2164], [745, 10], [9, -870], [-1935, 906], [744, 1032], [-774, 492], [-11, -3374], [598, 628], [-1168, -280], [1024, 2536], [-289, -442], [97, -710], [363, -786], [-1033, -2554], [736, -1112], [-164, 736], [-1015, -886], [552, -600], [-177, -906], [684, -144], [-637, -418], [1132, -224], [689, -886], [-1127, 1834], [-1006, -2548], [114, 636], [-1337, 358], [348, -432], [-755, -926], [-780, -816]]

exec_time (ms): 273101.6631126404 ms
exec_time: 4m 33s 101.66311264038086ms