N: 57
n: 6
number_of_primes (d): 3
exp_register_width (qd): 5
primes: [2, 5, 7]

R: 15049
T: 4
t: 16
delta: 8.138380433195487e-05
delta_inv: 12288Percent of combinations (with positive values of result vector) that gives % N = 1: 17.9%
Percent of combinations (with positive values of result vector) that give p and q: 17.0%
Vectors that gives p and q: [[-1, 1, -1], [1, -1, 1], [1, -1, 1], [1, -1, 1], [-1, 1, -1], [1, -1, 1], [1, -1, 1], [-1, 1, -1], [1, -1, 1], [1, -1, 1], [1, -1, 1], [1, -1, 1], [1, -1, 1], [-1, 1, -1], [1, -1, 1], [-1, 1, -1], [-1, 1, -1], [1, -1, 1], [1, -1, 1], [1, -1, -2], [-1, 1, -1], [1, -1, 1], [-1, 1, -1], [1, -1, 1], [-1, 1, -1], [-1, 1, -1], [1, -1, 1], [1, -1, 1], [1, -1, 1], [-1, 1, -1], [-1, 1, -1], [-1, 1, -1], [1, -1, 1], [1, -1, 1], [1, -1, 1], [1, -1, 1], [1, -1, -2], [1, -1, 1], [1, -1, 1], [1, -1, 1], [-1, 1, -1], [1, -1, 1], [1, -1, 1], [-1, 1, -1], [1, -1, 1], [1, -1, 1], [-1, 1, -1], [1, -1, 1], [1, -1, 1], [1, -1, 1], [1, -1, 1], [1, -1, 1], [1, -1, 1], [-1, 1, -1], [1, -1, -2], [1, -1, 1], [1, -1, 1], [1, -1, 1], [1, -1, 1], [1, -1, 1], [1, -1, 1], [-1, 1, -1], [-1, 1, -1], [1, -1, 1], [-1, 1, -1], [1, -1, 1], [1, -1, 1], [1, -1, 1], [1, -1, -2], [1, -1, 1], [1, -1, 1], [-1, 1, -1], [1, -1, 1], [1, -1, 1], [-1, 1, -1], [-1, 1, -1], [1, -1, -2], [1, -1, 1], [1, -1, -2], [-1, 1, -1], [-1, 1, -1], [-1, 1, -1], [1, -1, 1], [-1, 1, -1], [-1, 1, -1], [1, -1, 1], [-1, 1, -1], [1, -1, 1], [1, -1, 1], [-1, 1, -1], [1, -1, 1], [-1, 1, -1], [1, -1, 1], [1, -1, 1], [1, -1, -2], [1, -1, 1], [1, -1, 1], [-1, 1, -1], [1, -1, 1], [1, -1, 1], [1, -1, 1], [1, -1, 1], [-1, 1, -1], [-1, 1, -1], [1, -1, 1], [-1, 1, -1], [1, -1, 1], [-1, 1, -1], [1, -1, 1], [-1, 1, 2], [-1, 1, -1], [1, -1, -2], [1, -1, 1], [-1, 1, -1], [-1, 1, -1], [1, -1, 1], [-1, 1, -1], [1, -1, -2], [1, -1, 1], [-1, 1, -1], [1, -1, 1], [1, -1, 1], [1, -1, 1], [-1, 1, -1], [1, -1, 1], [-1, 1, -1], [-1, 1, -1], [1, -1, 1], [-1, 1, -1], [1, -1, 1], [1, -1, 1], [-1, 1, -1], [1, -1, 1], [-1, 1, -1], [1, -1, 1], [-1, 1, -1], [1, -1, 1], [1, -1, 1], [-1, 1, -1], [1, -1, 1], [-1, 1, -1], [1, -1, 1], [-1, 1, -1], [1, -1, 1], [1, -1, 1], [1, -1, 1], [1, -1, 1], [1, -1, 1], [-1, 1, -1], [1, -1, 1], [-1, 1, -1], [-1, 1, -1], [1, -1, 1], [-1, 1, -1], [1, -1, -2], [1, -1, 1], [-1, 1, -1], [1, -1, -2], [-1, 1, -1], [1, -1, 1], [1, -1, 1], [-1, 1, 2], [1, -1, 1], [1, -1, 1], [1, -1, 1], [1, -1, 1], [1, -1, 1], [1, -1, 1], [1, -1, 1], [1, -1, 1]]

exec_time (ms): 531182.9097270966 ms
exec_time: 8m 51s 182.90972709655762ms