N: 119
n: 7
number_of_primes (d): 2
exp_register_width (qd): 5
primes: [2, 3]

R: 6517
T: 6
t: 15
delta: 0.00015344483658124905
delta_inv: 6517Percent of combinations (with positive values of result vector) that gives % N = 1: 21.9%
Percent of combinations (with positive values of result vector) that give p and q: 11.3%
Vectors that gives p and q: [[1433, -358], [-1911, -2358], [1642, -2036], [1702, -3356], [350, -3388], [1082, -1876], [1019, -2194], [-784, -1816], [653, -2590], [-2633, -3146], [1348, -800], [-2138, -1388], [1268, 608], [-939, -510], [853, -638], [-798, 348], [-511, -1990], [-987, 2082], [-1155, -1038], [-663, -2838], [-965, -866], [579, -1458], [-1097, 22], [1015, -2330], [-1109, -2354], [-888, 360], [255, -1002], [-2082, -156], [-2684, -1856], [-2366, -1940], [1568, -2344], [2305, -854], [-2344, -40], [2286, 228], [300, -1296], [-2246, -1652], [-1529, 310], [-1769, -2474], [104, -520], [-2270, -260], [1910, 308], [815, -2314], [978, -612], [1045, -1694], [9, -1494], [1103, 566], [526, -908], [541, 2002], [-672, -1752], [-1294, -916], [-1938, -1548], [405, -1518], [-3604, 1424], [1470, -1116], [-639, -870], [665, -70], [1502, 164], [502, 1252], [-1165, 542], [-644, -2864], [-1991, -278], [-2447, 346], [-1864, -1528], [-3347, -734], [-2979, 1218], [775, -2042], [-1391, 1306], [-273, 1686], [-1694, -404], [2470, -332], [209, -1462], [-2515, -766], [-2121, -2634], [-1611, -462], [-1516, 656], [-933, -642], [-390, -2196], [-655, -4150], [-1424, 760], [254, -940], [-1132, -256], [1481, -1414], [145, -1430], [-73, -2266], [-1010, 340], [-1874, -476], [-3154, 164], [-625, -3274], [-963, 1506], [474, 2988], [-2451, -990], [-1235, 418], [0, 1464], [-1210, -412], [-1201, -298], [-1843, 290], [-287, 1114], [850, -1124], [-1456, 152], [-1047, -870], [123, 1230], [-816, -840], [-1426, -364], [1068, -2016], [-2122, 1220], [83, 1646], [1417, -1334], [-1532, 688], [-1229, 766], [-1252, 512], [-1765, 14], [-303, 954], [-1663, 218]]

exec_time (ms): 225251.5139579773 ms
exec_time: 3m 45s 251.51395797729492ms