N: 55
n: 6
number_of_primes (d): 2
exp_register_width (qd): 5
primes: [2, 3]

R: 5431
T: 5
t: 14
delta: 0.00018412815319462345
delta_inv: 5431Percent of combinations (with positive values of result vector) that gives % N = 1: 43.8%
Percent of combinations (with positive values of result vector) that give p and q: 20.0%
Vectors that gives p and q: [[-1, 7], [3, -1], [-3, 1], [-1, 7], [-3, 1], [-3, 1], [-3, 1], [4, 2], [-3, 1], [-1, 7], [3, -1], [3, -1], [-3, 1], [2, -4], [4, 2], [-1, 7], [3, -1], [3, -1], [2, -4], [4, 2], [4, 2], [3, -1], [-1, 7], [3, -1], [3, -1], [-3, 1], [-3, 1], [-1, 7], [-1, 7], [4, 2], [4, 2], [4, 2], [-3, 1], [-3, 1], [4, 2], [-1, 7], [-3, 1], [-3, 1], [-1, 7], [-1, 7], [-3, 1], [-3, 1], [-1, 7], [-3, 1], [-1, 7], [-1, 7], [-3, 1], [-1, 7], [-1, 7], [-3, 1], [4, 2], [4, 2], [3, -1], [3, -1], [-3, 1], [2, -4], [4, 2], [4, 2], [-1, 7], [3, -1], [-3, 1], [3, -1], [4, 2], [-1, 7], [-3, 1], [-1, 7], [-3, 1], [-1, 7], [-3, 1], [-3, 1], [-3, 1], [3, -1], [4, 2], [-3, 1], [2, -4], [4, 2], [-1, 7], [-1, 7], [-1, 7], [3, -1], [-1, 7], [-3, 1], [2, -4], [-1, 7], [-3, 1], [3, -1], [3, -1], [3, -1], [4, 2], [4, 2], [-1, 7], [-3, 1], [-3, 1], [-3, 1], [-3, 1], [4, 2], [-1, 7], [3, -1], [-1, 7], [-1, 7], [-1, 7], [-1, 7], [-1, 7], [3, -1], [-1, 7], [3, -1], [-3, 1], [-1, 7], [3, -1], [-1, 7], [-1, 7], [-1, 7], [-1, 7], [3, -1], [4, 2], [-3, 1], [3, -1], [-3, 1], [-3, 1], [3, -1], [-3, 1], [3, -1], [-3, 1], [3, -1], [-1, 7], [-3, 1], [4, 2], [-1, 7], [4, 2], [-1, 7], [2, -4], [-3, 1], [-1, 7], [-1, 7], [-3, 1], [4, 2], [3, -1], [-3, 1], [4, 2], [-1, 7], [3, -1], [4, 2], [4, 2], [4, 2], [-1, 7], [-3, 1], [4, 2], [-3, 1], [-1, 7], [3, -1], [-4, -2], [4, 2], [-1, 7], [-1, 7], [-3, 1], [-3, 1], [-3, 1], [3, -1], [-3, 1], [-1, 7], [-3, 1], [4, 2], [2, -4], [3, -1], [-3, 1], [-1, 7], [-1, 7], [3, -1], [-3, 1], [-3, 1], [4, 2], [-3, 1], [-1, 7], [-1, 7], [-1, 7], [-3, 1], [3, -1], [4, 2], [4, 2], [-3, 1], [3, -1], [4, 2], [-3, 1], [-1, 7], [3, -1], [-1, 7], [4, 2], [-3, 1], [-1, 7], [3, -1], [-1, 7], [-1, 7], [-1, 7], [-3, 1], [4, 2], [-1, 7], [-3, 1], [-1, 7], [-1, 7], [3, -1]]

exec_time (ms): 257515.27881622314 ms
exec_time: 4m 17s 515.2788162231445ms