N: 119
n: 7
number_of_primes (d): 2
exp_register_width (qd): 5
primes: [2, 3]

R: 6517
T: 6
t: 15
delta: 0.00015344483658124905
delta_inv: 6517Percent of combinations (with positive values of result vector) that gives % N = 1: 22.8%
Percent of combinations (with positive values of result vector) that give p and q: 11.7%
Vectors that gives p and q: [[-641, 166], [-1317, 846], [-403, 1490], [-1626, 660], [-1097, 166], [694, 772], [-327, -438], [-456, 1848], [-740, 208], [1481, 1898], [-14, -1796], [103, -1130], [-144, -1176], [-1643, 322], [-1402, 260], [2534, 452], [41, 3002], [-1323, -2238], [608, 1208], [-931, -2206], [-1246, -52], [1377, -1110], [-1223, 10], [1314, 1020], [603, 3102], [2127, 1206], [376, -1352], [2270, -172], [1635, -1170], [-3064, -856], [-2861, 382], [-1231, 26], [-200, -2312], [1142, 1844], [-1298, -44], [-253, -3346], [962, -1876], [788, 1184], [500, 2816], [-355, 1202], [1194, -2436], [1416, -1896], [-1028, -1472], [159, -1194], [-1248, -936], [-1915, 1442], [1595, 2126], [-1289, 1270], [2462, 1172], [2360, -520], [305, -1894], [-707, 274], [590, -2524], [-2019, 450], [-1794, 228], [116, 2048], [-1342, -1924], [1801, 682], [205, -1358], [1408, -1352], [-936, -600], [1345, -86], [-8, 1960], [-1756, 512], [884, 2816], [656, -1720], [-366, 2364], [-991, 890], [-1705, -2506], [-1042, -2092], [-2617, -1498], [-1009, -2650], [-1599, 1866], [-1873, -1162], [2275, 1486], [-880, -1624], [-2421, 222], [-106, -1948], [2180, -736], [2565, -798], [-209, 2086], [-2684, -1280], [2097, 2202], [604, -2720], [-311, 1306], [869, -1774], [2101, 1570], [-1419, 1410], [2781, -174], [-1243, 242], [353, -406], [-1447, 1610], [-1049, 2902], [66, 1836], [-2364, 96], [-755, 2338], [-971, -2126], [-997, 926], [-934, -1252], [1186, -164], [-2714, -1292], [-2558, 172], [2325, 210], [767, -922], [-1170, 564], [2443, 1630], [3095, 662], [2029, 562], [2838, -828], [-1229, -1154], [-1560, -1560], [-1083, -1662], [-1426, 260], [-922, 2564], [-1901, 2590], [206, -2332], [365, -1198]]

exec_time (ms): 228493.89171600342 ms
exec_time: 3m 48s 493.89171600341797ms