N: 143
n: 8
number_of_primes (d): 2
exp_register_width (qd): 6
primes: [2, 3]

R: 9753
T: 8
t: 15
delta: 0.00010253255408592229
delta_inv: 9753Percent of combinations (with positive values of result vector) that gives % N = 1: 19.9%
Percent of combinations (with positive values of result vector) that give p and q: 11.6%
Vectors that gives p and q: [[-2922, 1464], [1686, 1503], [-1294, 988], [-282, -576], [1530, 1845], [-222, 1419], [-1638, 21], [-670, 145], [-706, 142], [-2678, 2156], [2354, 547], [4314, 537], [1638, -3171], [1042, -2209], [1134, -1953], [-3246, 987], [606, 918], [-762, 2964], [1582, -484], [1190, -710], [-1350, 585], [-874, -512], [-462, 1719], [202, 1496], [3286, 503], [-4066, -2138], [-1246, 1312], [1182, -549], [-1042, -3611], [1254, 597], [1150, -2200], [3322, -1114], [-250, -2555], [-570, 2130], [-622, 109], [-886, 472], [894, 1857], [694, -1783], [-82, -551], [1142, 1021], [1734, -633], [-674, -412], [-1082, 434], [98, -656], [-1946, -763], [-582, -1071], [1622, -494], [-1210, -1025], [642, 1986], [-1534, -2102], [482, -1964], [-1754, 1268], [74, -953], [-2150, -640], [-654, 738], [238, -1936], [778, -271], [-286, -2978], [-1342, -431], [398, -3371], [1034, 1072], [546, -1197], [-278, -2929], [-774, 168], [-1574, -337], [2486, 523], [-1086, 2127], [-1986, 1467], [-1314, 738], [114, -648], [298, 1469], [-2022, -1506], [418, -1816], [-2474, 233], [-2686, -1223], [-2194, -722], [-822, -696], [1210, -220], [-1126, 862], [-3210, 315], [-1970, -355], [-246, -558], [-2142, -1146], [938, -1091], [1394, -1388], [-2014, 2248], [-762, 219], [-1938, -1554], [2890, 1595], [-1470, -2460], [338, -686], [-1702, 1159], [-622, 334], [-1926, -1173], [-70, -1745], [-1902, 2919], [-1918, -2354], [-1530, -210], [-1670, 620], [-2734, -1262], [2718, 969], [-718, -734], [738, 699], [-1262, -1951], [-1326, 537], [-1598, -19], [-4422, 519], [-2718, -1809], [158, 649], [-1382, 344], [2170, -2545], [-202, 1579], [-1406, 332], [-982, 2899], [422, -509], [-274, 2578]]

exec_time (ms): 316725.0692844391 ms
exec_time: 5m 16s 725.0692844390869ms