N: 119
n: 7
number_of_primes (d): 2
exp_register_width (qd): 6
primes: [2, 3]

R: 7315
T: 6
t: 15
delta: 0.0001367053998632946
delta_inv: 7315Percent of combinations (with positive values of result vector) that gives % N = 1: 18.7%
Percent of combinations (with positive values of result vector) that give p and q: 13.2%
Vectors that gives p and q: [[1, 10], [5, 2], [-12, 0], [1, 10], [12, 0], [1, 10], [1, 10], [1, 10], [1, 10], [1, 10], [12, 0], [9, -6], [1, 10], [5, 2], [1, 10], [5, 2], [5, 2], [5, 2], [1, 10], [-12, 0], [-12, 0], [1, 10], [5, 2], [1, 10], [1, 10], [5, 2], [1, 10], [1, 10], [5, 2], [5, 2], [1, 10], [8, 8], [1, 10], [12, 0], [1, 10], [5, 2], [8, 8], [-12, 0], [5, 2], [-12, 0], [1, 10], [8, 8], [-12, 0], [-12, 0], [1, 10], [8, 8], [1, 10], [-12, 0], [-12, 0], [1, 10], [5, 2], [-2, 4], [-12, 0], [-13, 14], [5, 2], [5, 2], [-12, 0], [1, 10], [12, 0], [1, 10], [1, 10], [5, 2], [5, 2], [5, 2], [1, 10], [5, 2], [8, 8], [5, 2], [5, 2], [5, 2], [12, 0], [1, 10], [1, 10], [8, 8], [5, 2], [1, 10], [5, 2], [1, 10], [5, 2], [8, 8], [-5, -2], [8, 8], [9, -6], [1, 10], [1, 10], [1, 10], [8, 8], [5, 2], [5, 2], [9, -6], [5, 2], [1, 10], [8, 8], [8, 8], [1, 10], [5, 2], [9, -6], [5, 2], [1, 10], [8, 8], [8, 8], [5, 2], [5, 2], [12, 0], [1, 10], [9, -6], [1, 10], [-12, 0], [-8, -8], [1, 10], [1, 10], [1, 10], [1, 10], [1, 10], [12, 0], [5, 2], [-12, 0], [-12, 0], [-5, -2], [12, 0], [12, 0], [1, 10], [1, 10], [-5, -2], [1, 10], [12, 0], [1, 10], [-2, 4], [1, 10], [8, 8], [1, 10], [1, 10]]

exec_time (ms): 296745.43166160583 ms
exec_time: 4m 56s 745.431661605835ms