N: 119
n: 7
number_of_primes (d): 2
exp_register_width (qd): 6
primes: [2, 3]

R: 7315
T: 6
t: 15
delta: 0.0001367053998632946
delta_inv: 7315Percent of combinations (with positive values of result vector) that gives % N = 1: 23.0%
Percent of combinations (with positive values of result vector) that give p and q: 12.0%
Vectors that gives p and q: [[-689, 358], [-741, 2574], [-1693, 830], [-99, 1746], [-2057, -890], [-1228, -592], [1604, -640], [-505, -1882], [-546, 180], [1467, -1074], [1159, 550], [125, -2110], [-1123, -2686], [702, -1836], [-704, -1400], [876, -1440], [467, -1474], [3045, 1458], [-550, 92], [-560, 184], [-673, 566], [-397, -2962], [-725, 190], [824, -2296], [-967, 746], [-518, -1988], [-1327, 938], [-1877, -242], [519, -1050], [180, 2784], [-1883, 1234], [917, -766], [1631, -106], [-2221, 254], [352, -1352], [2442, -948], [45, -798], [76, 2080], [-848, 376], [-1271, -1526], [2632, 952], [-1723, -622], [-626, -1052], [-1182, 828], [88, -1832], [1166, -1468], [771, 654], [-733, 302], [-2020, -496], [-1959, 570], [-609, 6], [-1810, -556], [-1820, 2032], [-2103, -150], [-83, 1522], [-295, -1126], [793, -1430], [-2528, -2216], [1132, 784], [-160, -1144], [-1748, 1264], [-2475, 1650], [1513, -1190], [-1579, -46], [-2155, 2738], [-2350, -484], [-1357, -1138], [1123, 46], [-744, 72], [-339, -606], [908, -1792], [-965, 670], [-1855, 74], [-3027, 930], [2117, -1342], [152, 536], [-714, 36], [-603, -846], [329, -598], [-1632, -2424], [-1644, -768], [83, 1934], [2818, -116], [-3094, -484], [-618, -492], [1526, 20], [-648, -72], [-867, 402], [-1184, 88], [-958, 2108], [-73, -1354], [7, 1078], [-936, -24], [566, -2332], [-495, -2838], [-1307, 274], [-952, 1304], [568, 328], [279, 1302], [2022, 852], [-242, -1004], [-830, 988], [519, 390], [-3066, 660], [-34, 1220], [-894, -804], [1608, -2136], [809, 2474], [-1686, 1308], [-1671, 282], [-1115, 802], [2173, -494], [-625, 2342], [1372, -896], [-245, -3026], [-779, 130], [658, -692], [-817, -1402], [1064, -1576], [-2390, 1900]]

exec_time (ms): 285580.97672462463 ms
exec_time: 4m 45s 580.9767246246338ms