N: 77
n: 7
number_of_primes (d): 2
exp_register_width (qd): 6
primes: [2, 3]

R: 7315
T: 6
t: 15
delta: 0.0001367053998632946
delta_inv: 7315Percent of combinations (with positive values of result vector) that gives % N = 1: 29.5%
Percent of combinations (with positive values of result vector) that give p and q: 19.2%
Vectors that gives p and q: [[6, 3], [1, -2], [-1, 2], [2, 11], [2, 11], [-1, 2], [-1, 2], [2, 11], [1, -2], [2, 11], [2, 11], [4, 7], [-1, 2], [-1, 2], [1, -2], [6, 3], [2, 11], [-1, 2], [6, 3], [-6, -3], [-1, 2], [2, 11], [6, 3], [-1, 2], [6, 3], [2, 11], [2, 11], [6, 3], [-1, 2], [-1, 2], [2, 11], [-1, 2], [-1, 2], [2, 11], [2, 11], [2, 11], [2, 11], [2, 11], [-1, 2], [1, -2], [2, 11], [-1, 2], [6, 3], [6, 3], [4, 7], [-1, 2], [6, 3], [4, 7], [-1, 2], [-1, 2], [12, -9], [1, -2], [-1, 2], [2, 11], [4, 7], [1, -2], [2, 11], [2, 11], [6, 3], [6, 3], [2, 11], [6, 3], [-1, 2], [2, 11], [2, 11], [2, 11], [-1, 2], [-1, 2], [-1, 2], [2, 11], [2, 11], [1, -2], [1, -2], [-1, 2], [-1, 2], [-1, 2], [6, 3], [2, 11], [6, 3], [1, -2], [1, -2], [6, 3], [-1, 2], [-1, 2], [-1, 2], [4, 7], [2, 11], [-1, 2], [1, -2], [4, 7], [6, 3], [6, 3], [1, -2], [6, 3], [-1, 2], [2, 11], [6, 3], [6, 3], [-1, 2], [1, -2], [-6, -3], [-1, 2], [1, -2], [1, -2], [2, 11], [2, 11], [-1, 2], [2, 11], [2, 11], [6, 3], [6, 3], [1, -2], [-1, 2], [6, 3], [2, 11], [2, 11], [-1, 2], [2, 11], [-1, 2], [2, 11], [-1, 2], [2, 11], [2, 11], [2, 11], [-1, 2], [2, 11], [6, 3], [6, 3], [1, -2], [2, 11], [-1, 2], [2, 11], [2, 11], [-1, 2], [2, 11], [6, 3], [-1, 2], [2, 11], [1, -2], [2, 11], [4, 7], [6, 3], [6, 3], [2, 11], [2, 11], [1, -2], [-1, 2], [2, 11], [2, 11], [2, 11], [6, 3], [2, 11], [4, 7], [2, 11], [1, -2], [4, 7], [1, -2], [2, 11], [4, 7], [2, 11], [2, 11], [1, -2], [12, -9], [-1, 2], [-1, 2], [4, 7], [-1, 2], [6, 3], [4, 7], [-1, 2], [6, 3], [1, -2], [4, 7], [4, 7], [-1, 2], [2, 11], [1, -2], [-1, 2], [2, 11], [1, -2], [-1, 2], [-1, 2], [2, 11], [-1, 2], [2, 11], [-1, 2], [2, 11], [6, 3], [2, 11], [-1, 2], [2, 11], [2, 11]]

exec_time (ms): 305979.9292087555 ms
exec_time: 5m 5s 979.9292087554932ms