N: 95
n: 7
number_of_primes (d): 2
exp_register_width (qd): 6
primes: [2, 3]

R: 7315
T: 6
t: 15
delta: 0.0001367053998632946
delta_inv: 7315Percent of combinations (with positive values of result vector) that gives % N = 1: 30.5%
Percent of combinations (with positive values of result vector) that give p and q: 17.0%
Vectors that gives p and q: [[-4, 10], [-8, 2], [6, 12], [9, -9], [2, 4], [-8, 2], [-2, -4], [6, 12], [2, 4], [6, 12], [2, 4], [6, 12], [2, 4], [-8, 2], [2, 4], [-8, 2], [2, 4], [-8, 2], [2, 4], [1, 11], [2, 4], [6, 12], [6, 12], [2, 4], [2, 4], [-8, 2], [1, 11], [7, 5], [-4, 10], [-3, 3], [2, 4], [-4, 10], [1, 11], [7, 5], [2, 4], [7, 5], [1, 11], [2, 4], [-3, 3], [6, 12], [-8, 2], [6, 12], [-8, 2], [-3, 3], [6, 12], [2, 4], [6, 12], [2, 4], [2, 4], [-8, 2], [6, 12], [-3, 3], [2, 4], [6, 12], [1, 11], [-8, 2], [2, 4], [6, 12], [2, 4], [2, 4], [-3, 3], [9, -9], [1, 11], [-8, 2], [14, -8], [-4, 10], [2, 4], [2, 4], [-3, 3], [2, 4], [7, 5], [-4, 10], [-8, 2], [2, 4], [7, 5], [-4, 10], [-4, 10], [1, 11], [2, 4], [6, 12], [1, 11], [2, 4], [-8, 2], [-8, 2], [-8, 2], [2, 4], [2, 4], [1, 11], [8, -2], [14, -8], [14, -8], [8, -2], [2, 4], [-4, 10], [6, 12], [-8, 2], [2, 4], [2, 4], [-8, 2], [2, 4], [2, 4], [9, -9], [1, 11], [6, 12], [9, -9], [2, 4], [1, 11], [2, 4], [-8, 2], [-3, 3], [2, 4], [2, 4], [2, 4], [9, -9], [9, -9], [-3, 3], [-4, 10], [14, -8], [6, 12], [-8, 2], [1, 11], [6, 12], [-3, 3], [1, 11], [2, 4], [6, 12], [-3, 3], [6, 12], [2, 4], [-3, 3], [-4, 10], [-3, 3], [-8, 2], [-3, 3], [2, 4], [-2, -4], [-3, 3], [6, 12], [2, 4], [-4, 10], [9, -9], [6, 12], [2, 4], [6, 12], [1, 11], [6, 12], [-3, 3], [-8, 2], [2, 4], [-3, 3], [-8, 2], [1, 11], [9, -9], [-3, 3], [2, 4], [14, -8], [-3, 3], [-3, 3], [2, 4], [6, 12], [9, -9], [1, 11], [1, 11], [9, -9], [7, 5], [6, 12], [6, 12], [6, 12], [6, 12], [2, 4]]

exec_time (ms): 290049.9498844147 ms
exec_time: 4m 50s 49.94988441467285ms