N: 119
n: 7
number_of_primes (d): 2
exp_register_width (qd): 6
primes: [2, 3]

R: 7315
T: 6
t: 15
delta: 0.0001367053998632946
delta_inv: 7315Percent of combinations (with positive values of result vector) that gives % N = 1: 22.1%
Percent of combinations (with positive values of result vector) that give p and q: 12.3%
Vectors that gives p and q: [[494, -2332], [996, -1104], [428, 1424], [2049, -1014], [-2061, 1038], [-895, 1082], [-1791, -1542], [-384, -1320], [747, 1566], [-1119, -1398], [5, 626], [298, -836], [-1321, -154], [901, -782], [-1041, -2538], [-822, 1212], [-1733, 142], [-851, 274], [-117, -1650], [-603, -558], [-1052, -704], [1063, 2518], [1061, -1870], [-333, -1554], [-2058, 1044], [-524, -752], [-3313, 1286], [2376, 2232], [-128, 2248], [474, -1764], [-864, 984], [-18, -588], [-1019, -302], [743, 2582], [1895, 758], [-309, -1026], [1885, 82], [-95, 2698], [-2618, -428], [74, -2596], [-833, 166], [-1920, -1752], [-368, -1784], [366, -1212], [-901, -322], [-605, 46], [-2069, 1006], [158, -748], [603, -162], [363, -1794], [98, -484], [-653, 190], [-1153, -394], [2085, -1038], [-167, 1258], [-688, -424], [-2062, 1100], [237, 1026], [-111, -1014], [81, -582], [-936, -360], [-11, -2510], [-1974, -132], [-1310, 796], [1340, 368], [-1405, -850], [30, 900], [-222, 1260], [-672, 216], [-2241, 1590], [-1096, -2536], [-716, 2416], [2113, -1046], [2007, -1002], [-990, 204], [-579, -1182], [-307, -1726], [124, -1040], [278, -1516], [-1079, 1114], [1292, 752], [1425, -486], [1059, 2526], [1277, 674], [-627, 162], [1495, 1366], [-1383, 522], [860, 896], [996, -1056], [-1029, -2562], [-2015, 1018], [-1354, -556], [-754, 116], [1752, 1704], [-848, 1432], [1308, -1104], [-745, -874], [-808, -616], [-2019, -846], [2039, -1018], [-1885, 398], [245, 2210], [-1984, 1592], [-142, -484], [-812, -368], [725, 530], [2112, -1032], [-1424, 2008], [-1060, -2416], [1192, 856], [1045, -1790], [-2058, 1044], [-1850, -860], [709, 226], [841, -950], [-688, 200], [327, -1674], [-2008, 920], [-1412, -1664], [-617, 358], [-718, -532], [1058, 1388], [-67, 626]]

exec_time (ms): 299702.18420028687 ms
exec_time: 4m 59s 702.1842002868652ms