N: 119
n: 7
number_of_primes (d): 2
exp_register_width (qd): 6
primes: [2, 3]

R: 7315
T: 6
t: 15
delta: 0.0001367053998632946
delta_inv: 7315Percent of combinations (with positive values of result vector) that gives % N = 1: 19.6%
Percent of combinations (with positive values of result vector) that give p and q: 11.8%
Vectors that gives p and q: [[1, 10], [-2, 4], [-2, 4], [-2, 4], [1, 10], [1, 10], [1, 10], [12, 0], [-2, 4], [-2, 4], [-2, 4], [1, 10], [1, 10], [1, 10], [-2, 4], [-2, 4], [-2, 4], [1, 10], [-2, 4], [1, 10], [-2, 4], [-2, 4], [-2, 4], [12, 0], [-2, 4], [-2, 4], [1, 10], [1, 10], [1, 10], [1, 10], [-2, 4], [-2, 4], [1, 10], [1, 10], [1, 10], [1, 10], [-2, 4], [1, 10], [1, 10], [1, 10], [-2, 4], [1, 10], [-2, 4], [1, 10], [1, 10], [1, 10], [1, 10], [1, 10], [-2, 4], [1, 10], [-2, 4], [1, 10], [1, 10], [1, 10], [1, 10], [1, 10], [1, 10], [1, 10], [1, 10], [9, -6], [1, 10], [5, 2], [1, 10], [-2, 4], [1, 10], [12, 0], [-2, 4], [1, 10], [-2, 4], [1, 10], [1, 10], [1, 10], [12, 0], [5, 2], [1, 10], [1, 10], [-2, 4], [1, 10], [1, 10], [-2, 4], [1, 10], [-2, 4], [-2, 4], [12, 0], [12, 0], [-2, 4], [1, 10], [9, -6], [-2, 4], [1, 10], [1, 10], [-2, 4], [-2, 4], [1, 10], [1, 10], [1, 10], [1, 10], [-2, 4], [1, 10], [1, 10], [1, 10], [-2, 4], [12, 0], [1, 10], [1, 10], [-2, 4], [1, 10], [1, 10], [1, 10], [1, 10], [-2, 4], [1, 10], [1, 10], [-2, 4], [1, 10], [1, 10], [5, 2], [1, 10]]

exec_time (ms): 285462.86058425903 ms
exec_time: 4m 45s 462.8605842590332ms