N: 51
n: 6
number_of_primes (d): 2
exp_register_width (qd): 5
primes: [2, 5]

R: 5431
T: 5
t: 14
delta: 0.00018412815319462345
delta_inv: 5431Percent of combinations (with positive values of result vector) that gives % N = 1: 20.3%
Percent of combinations (with positive values of result vector) that give p and q: 13.8%
Vectors that gives p and q: [[5, 2], [5, 2], [9, -6], [9, -6], [5, 2], [9, -6], [5, 2], [5, 2], [5, 2], [5, 2], [5, 2], [5, 2], [9, -6], [5, 2], [9, -6], [5, 2], [5, 2], [5, 2], [5, 2], [9, -6], [5, 2], [5, 2], [5, 2], [9, -6], [5, 2], [9, -6], [5, 2], [5, 2], [5, 2], [5, 2], [5, 2], [9, -6], [9, -6], [5, 2], [9, -6], [5, 2], [5, 2], [9, -6], [5, 2], [5, 2], [5, 2], [5, 2], [9, -6], [5, 2], [9, -6], [5, 2], [5, 2], [5, 2], [9, -6], [5, 2], [5, 2], [5, 2], [5, 2], [5, 2], [9, -6], [5, 2], [5, 2], [5, 2], [9, -6], [5, 2], [5, 2], [9, -6], [9, -6], [9, -6], [5, 2], [9, -6], [9, -6], [5, 2], [5, 2], [5, 2], [5, 2], [9, -6], [5, 2], [5, 2], [9, -6], [5, 2], [5, 2], [5, 2], [5, 2], [9, -6], [5, 2], [9, -6], [5, 2], [5, 2], [5, 2], [5, 2], [5, 2], [5, 2], [5, 2], [5, 2], [5, 2], [5, 2], [5, 2], [9, -6], [5, 2], [5, 2], [5, 2], [9, -6], [5, 2], [5, 2], [5, 2], [9, -6], [9, -6], [5, 2], [5, 2], [5, 2], [5, 2], [9, -6], [9, -6], [5, 2], [5, 2], [5, 2], [5, 2], [5, 2], [5, 2], [5, 2], [9, -6], [5, 2], [5, 2], [5, 2], [5, 2], [5, 2], [5, 2], [5, 2], [5, 2], [9, -6], [5, 2], [5, 2], [5, 2], [5, 2], [5, 2], [5, 2], [5, 2], [9, -6], [5, 2], [9, -6], [5, 2], [5, 2]]

exec_time (ms): 208550.57001113892 ms
exec_time: 3m 28s 550.570011138916ms